0.01162
0.01624
0.01895
0.02168
0.0238
0.02712
0.02846
0.03259
0.03314
0.03801
0.03802
0.04336
0.04305
0.04868
0.04801
0.05392
0.05313
0.05909
0.05832
0.06424
0.06354
0.06919
0.06887
0.07404
0.07435
0.07884
0.07984
0.08356
0.08544
0.0886
0.09092
0.09329
0.09651
0.09792
0.10217
0.10258
0.10753
0.10801
0.11299
0.11284
0.11856
0.11786
0.12397
0.12268
0.12939
0.12767
0.13468
0.13285
0.1398
0.13795
0.1448
0.14336
0.14958
0.14893
0.15423
0.1546
0.15879
0.16034
0.16336
0.16613
0.16781
0.17188
0.17237
0.17755
0.17701
0.18308
0.18181
0.18842
0.18678
0.1937
0.19194
0.1988
0.19723
0.20371
0.20268
0.20846
0.20828
0.21309
0.21403
0.21764
0.21972
0.22218
0.2254
0.22694
0.231
0.23159
0.23664
0.23636
0.24196
0.24134
0.24715
0.24645
0.2522
0.25183
0.25711
0.25724
0.26184
0.26284
0.26663
0.26844
0.27123
0.27415
0.27591
0.27968
0.28063
0.28514
0.28554
0.29038
0.29069
0.29537
0.29589
0.30036
0.30134
0.30515
0.3068
0.30985
0.31233
0.31467
0.31782
0.31951
0.32314
0.32439
0.32849
0.32943
0.33363
0.33478
0.33868
0.34015
0.3436
0.34557
0.34845
0.35096
0.35325
0.35638
0.35821
0.36167
0.36331
0.3669
0.36841
0.37204
0.37358
0.37706
0.37889
0.38201
0.38428
0.38689
0.38962
0.39192
0.39493
0.39695
0.40008
0.40209
0.40522
0.40726
0.41027
0.41243
0.41544
0.41768
0.42064
0.42305
0.42564
0.42833
0.4306
0.43351
0.43573
0.43871
0.44087
0.44381
0.44597
0.44902
0.45124
0.45414
0.45649
0.45914
0.4617
0.46419
0.46692
0.46929
0.47209
0.47447
0.47716
0.47963
0.48233
0.48488
0.48743
0.49004
0.49256
0.49518
0.49767
0.50032
0.50281
0.50548
0.50796
0.51063
0.51307
0.51569
0.5182
0.52092
0.52348
0.52605
0.52868
0.53113
0.53381
0.53626
0.53895
0.54142
0.54408
0.54657
0.54914
0.55174
0.55425
0.55694
0.55939
0.56212
0.56458
0.56728
0.56971
0.57235
0.57493
0.57737
0.58013
0.58253
0.58524
0.5877
0.59039
0.59289
0.59562
0.59802
0.60078
0.60323
0.60578
0.60845
0.61088
0.61363
0.61601
0.61877
0.62118
0.62398
0.62634
0.62904
0.63147
0.63417
0.63664
0.63928
0.64185
0.64434
0.64701
0.64946
0.65211
0.65467
0.65725
0.6598
0.66246
0.66512
0.66766
0.67024
0.6728
0.67539
0.67794
0.68048
0.68306
0.68565
0.68825
0.69071
0.69348
0.696
0.69875
0.70116
0.70381
0.70634
0.70893
0.71172
0.71419
0.71689
0.7193
0.72214
0.72454
0.72722
0.72974
0.73244
0.73496
0.73754
0.74015
0.74268
0.7453
0.74778
0.75043
0.75291
0.75559
0.75807
0.76077
0.76338
0.76602
0.76856
0.77122
0.77374
0.77628
0.77898
0.78163
0.78431
0.78675
0.78946
0.79194
0.79459
0.79714
0.79969
0.80224
0.80486
0.8074
0.80998
0.8126
0.81515
0.81775
0.82032
0.82287
0.82535
0.82801
0.83048
0.83319
0.83566
0.83838
0.84086
0.84359
0.84608
0.84872
0.85124
0.8538
0.85653
0.85894
0.86162
0.86416
0.86673
0.86931
0.87175
0.87451
0.87692
0.87971
0.88212
0.88475
0.8873
0.88983
0.89254
0.89498
0.8976
0.90011
0.90274
0.90527
0.90789
0.91048
0.91297
0.9157
0.91812
0.92086
0.92326
0.92588
0.9285
0.93099
0.93375
0.93612
0.93896
0.94132
0.94405
0.94647
0.94918
0.95169
0.95421
0.95688
0.95936
0.96208
0.96455
0.96722
0.96962
0.97232
0.97473
0.97747
0.97997
0.98252
0.9851
0.98778
0.99034
0.99289
0.99555
0.99801
1.0007
1.00312
1.00581
1.00836
1.0111
1.01356
1.01626
1.01878
1.02139
1.02399
1.02657
1.02919
1.03167
1.03435
1.03686
1.03953
1.042
1.04472
1.04716
1.04983
1.0523
1.05497
1.05748
1.06018
1.06275
1.06544
1.06799
1.07058
1.07317
1.07575
1.0783
1.08096
1.08346
1.08612
1.08861
1.09122
1.09381
1.09639
1.09892
1.10146
1.10405
1.10666
1.10925
1.11177
1.11443
1.11694
1.11952
1.12215
1.12462
1.12741
1.12978
1.13254
1.13492
1.13773
1.14015
1.14299
1.14548
1.1481
1.1506
1.15327
1.15581
1.15837
1.16098
1.16347
1.16612
1.16873
1.17151
1.17398
1.17672
1.17915
1.18187
1.18425
1.18692
1.18945
1.19209
1.19458
1.19722
1.19976
1.20235
1.20496
1.20753
1.21022
1.21265
1.21545
1.2179
1.22055
1.22304
1.22562
1.22816
1.23086
1.23329
1.23592
1.23854
1.24123
1.24375
1.24633
1.24895
1.25149
1.25409
1.25656
1.25922
1.26184
1.26436
1.26697
1.26955
1.27222
1.27477
1.27732
1.2799
1.28262
1.28501
1.2877
1.29021
1.29296
1.29541
1.29813
1.30061
1.30325
1.30579
1.30842
1.31102
1.31361
1.31623
1.31875
1.32137
1.324
1.32655
1.32915
1.33175
1.33432
1.33691
1.33957
1.34199
1.34467
1.34722
1.34991
1.35247
1.35502
1.35778
1.36033
1.36292
1.3656
1.36812
1.37089
1.37342
1.37599
1.37849
1.38125
1.38381
1.38657
1.38901
1.39181
1.39432
1.39695
1.39945
1.40207
1.40462
1.40718
1.40983
1.41232
1.415
1.41751
1.42008
1.42266
1.42524
1.42792
1.43047
1.43313
1.43558
1.43827
1.44074
1.44337
1.44595
1.44857
1.4511
1.4537
1.45627
1.45888
1.46147
1.46399
1.46684
1.46932
1.47198
1.47449
1.47715
1.4797
1.48228
1.48491
1.48746
1.49011
1.4926
1.49525
1.4979
1.50061
1.50321
1.50576
1.50838
1.51094
1.51353
1.51612
1.51888
1.52136
1.52408
1.52648
1.52926
1.53169
1.53439
1.537
1.53973
1.54217
1.54486
1.54741
1.54986
1.5527
1.55504
1.55782
1.56034
1.56293
1.56561
1.56807
1.57076
1.57327
1.57597
1.57838
1.5812
1.58355
1.58633
1.58878
1.59141
1.59401
1.59656
1.59927
1.60178
1.6045
1.60688
1.60967
1.61205
1.61488
1.61725
1.62004
1.62252
1.62519
1.62781
1.63039
1.63315
1.63585
1.63841
1.64099
1.64372
1.64622
1.64895
1.6514
1.65408
1.65659
1.65919
1.66177
1.66442
1.66698
1.66959
1.67218
1.67476
1.67738
1.67994
1.68253
1.68504
1.68776
1.69025
1.6929
1.69539
1.69803
1.70066
1.7031
1.70586
1.7083
1.71096
1.71351
1.71616
1.71876
1.72133
1.72392
1.72646
1.72919
1.73165
1.7344
1.73685
1.73972
1.74205
1.74481
1.74727
1.74991
1.75258
1.75506
1.75777
1.76004
1.76296
1.76524
1.76815
1.77046
1.77336
1.77574
1.77853
1.78101
1.78364
1.7863
1.78876
1.79147
1.79383
1.79676
1.79907
1.80191
1.80428
1.80715
1.80952
1.8122
1.81477
1.81737
1.82007
1.82252
1.82538
1.82776
1.83071
1.83303
1.83587
1.83834
1.84112
1.84367
1.84622
1.84886
1.85137
1.85415
1.85656
1.85931
1.86176
1.86457
1.86701
1.86976
1.87228
1.87489
1.87748
1.88004
1.88269
1.88524
1.88797
1.89045
1.89328
1.89575
1.89841
1.90097
1.90355
1.90627
1.90887
1.91152
1.914
1.9167
1.91921
1.92186
1.92441
1.92702
1.92962
1.93213
1.93493
1.93734
1.94014
1.94264
1.94533
1.94782
1.9507
1.95305
1.95571
1.95831
1.96089
1.96348
1.9661
1.96871
1.9713
1.97388
1.97646
1.97909
1.98175
1.98436
1.98691
1.98951
1.99212
1.99468
1.99737
1.99982
2.00254
2.00498
2.00775
2.01019
2.01305
2.0155
2.01819
2.02074
2.02335
2.0259
2.02852
2.03114
2.03362
2.03631
2.0388
2.04153
2.04403
2.04659
2.04927
2.05177
2.05459
2.05703
2.05984
2.06221
2.06505
2.06751
2.07025
2.07269
2.07535
2.07791
2.08056
2.08322
2.08579
2.0885
2.09098
2.09363
2.09635
2.09894
2.10152
2.10411
2.10673
2.10931
2.11183
2.11448
2.11697
2.11981
2.1223
2.12501
2.12749
2.13028
2.13275
2.1355
2.13804
2.14073
2.14328
2.14579
2.14851
2.151
2.15368
2.1562
2.15897
2.1614
2.1641
2.16664
2.16925
2.17176
2.17447
2.17707
2.17973
2.18227
2.18493
2.18762
2.19014
2.1929
2.19535
2.19811
2.20052
2.2033
2.20582
2.20841
2.21097
2.21357
2.21628
2.21878
2.22148
2.22396
2.22658
2.2292
2.23183
2.23441
2.237
2.23958
2.24242
2.24489
2.24762
2.2501
2.25276
2.25537
2.25799
2.26055
2.26308
2.26579
2.26829
2.27098
2.27355
2.2763
2.27882
2.28143
2.28407
2.28674
2.28929
2.29196
2.29447
2.2971
2.29968
2.30233
2.30485
2.30757
2.31012
2.31279
2.31536
2.31806
2.32062
2.32326
2.32591
2.32848
2.33112
2.33378
2.33633
2.33889
2.34153
2.34408
2.34672
2.34932
2.35206
2.35454
2.35726
2.35985
2.36239
2.3651
2.36765
2.37029
2.37282
2.37543
2.37803
2.38063
2.38334
2.38592
2.38854
2.39115
2.39385
2.39644
2.39919
2.40172
2.40445
2.40696
2.40962
2.4122
2.41479
2.41736
2.41988
2.42253
2.42513
2.42775
2.43044
2.43296
2.43568
2.43816
2.44091
2.44325
2.44616
2.44846
2.45137
2.45371
2.45655
2.4589
2.46164
2.46415
2.46699
2.4695
2.47215
2.47488
2.47752
2.4802
2.48272
2.48545
2.48796
2.49082
2.49321
2.49601
2.49841
2.50114
2.50375
2.50647
2.5089
2.51161
2.51427
2.51682
2.51948
2.52204
2.52476
2.52731
2.52993
2.53238
2.53528
2.53779
2.54049
2.54303
2.54557
2.54821
2.55096
2.55349
2.55609
2.55871
2.56132
2.5639
2.56652
2.56917
2.57175
2.57433
2.57697
2.5795
2.58217
2.58469
2.58742
2.59002
2.59265
2.59519
2.5979
2.60045
2.60307
2.60564
2.60826
2.61079
2.61341
2.61607
2.61867
2.62131
2.6239
2.62657
2.62916
2.63193
2.63445
2.63706
2.63971
2.64227
2.64478
2.64756
2.64993
2.65273
2.65488
2.65821
2.66023
2.66341
2.66543
2.66852
2.67073
2.67372
2.6761
2.67871
2.68152
2.68381
2.68675
2.68899
2.69204
2.6943
2.69723
2.69964
2.70233
2.70488
2.70744
2.71024
2.7126
2.71548
2.71775
2.72065
2.72313
2.72592
2.7283
2.73114
2.73351
2.7364
2.73882
2.74172
2.74402
2.74678
2.7494
2.75185
2.75475
2.75691
2.76003
2.76216
2.76507
2.76758
2.77034
2.77277
2.77547
2.77805
2.78074
2.78323
2.78581
2.78853
2.79096
2.79382
2.79615
2.79906
2.80121
2.80433
2.80636
2.80939
2.81166
2.81469
2.81695
2.81966
2.82246
2.82477
2.82801
2.82986
2.83336
2.83496
2.83856
2.84035
2.84377
2.84575
2.84873
2.85124
2.85381
2.85659
2.85899
2.86194
2.86398
2.86735
2.86904
2.87264
2.87429
2.87786
2.87962
2.88311
2.88523
2.88833
2.89051
2.89338
2.89582
2.89865
2.9011
2.90377
2.90651
2.90894
2.91169
2.91416
2.91701
2.91927
2.92215
2.92451
2.92739
2.92975
2.93269
2.93493
2.93772
2.94037
2.9429
2.94572
2.9482
2.95096
2.95333
2.95625
2.95852
2.96153
2.96386
2.96669
2.9692
2.97201
2.97435
2.97765
2.97865
2.98299
2.98432
2.98802
2.98964
2.9932
2.99487
2.99875
3.00002
3.00368
3.00555
3.00852
3.01107
3.01326
3.01658
3.01826
3.02193
3.0234
3.02722
3.02863
3.03227
3.03395
3.03728
3.03933
3.04234
3.04476
3.04741
3.05017
3.05254
3.05562
3.0576
3.06081
3.06275
3.06607
3.06802
3.07124
3.0734
3.07614
3.07879
3.08129
3.08418
3.08643
3.08941
3.09175
3.09466
3.09693
3.09994
3.10221
3.10513
3.10738
3.11031
3.11282
3.11563
3.11811
3.12057
3.12363
3.1255
3.12908
3.13085
3.13438
3.13608
3.13951
3.14143
3.14457
3.14673
3.14971
3.15214
3.15472
3.15749
3.15986
3.16269
3.16507
3.16783
3.17034
3.17301
3.17563
3.17816
3.18102
3.1833
3.18642
3.18851
3.1917
3.19378
3.19676
3.19909
3.20184
3.20455
3.2069
3.20984
3.21211
3.21518
3.2173
3.2205
3.22258
3.22571
3.22796
3.23071
3.23343
3.2357
3.23874
3.24085
3.2439
3.246
3.24919
3.25113
3.25455
3.25652
3.25947
3.26194
3.26474
3.2672
3.26986
3.27242
3.2748
3.27796
3.27991
3.2832
3.2851
3.28837
3.29047
3.29408
3.2954
3.29895
3.30097
3.30394
3.30643
3.30903
3.31188
3.314
3.3174
3.31909
3.3226
3.32445
3.32782
3.32979
3.33277
3.33529
3.33783
3.34071
3.34297
3.34601
3.34808
3.35134
3.3533
3.35651
3.35867
3.3617
3.36401
3.36685
3.36933
3.37209
3.37453
3.37733
3.37989
3.38228
3.38506
3.38739
3.39047
3.39252
3.39589
3.39783
3.40102
3.40311
3.40623
3.40835
3.41143
3.41369
3.41656
3.41904
3.42164
3.42434
3.42677
3.42964
3.43197
3.43495
3.43722
3.4402
3.44254
3.44537
3.44777
3.45061
3.45326
3.45564
3.45868
3.46076
3.46396
3.4659
3.4691
3.47135
3.47431
3.47665
3.47927
3.48212
3.4844
3.48731
3.48967
3.49262
3.49494
3.49779
3.50022
3.50304
3.5054
3.50835
3.51081
3.51381
3.51563
3.51907
3.52095
3.52444
3.52612
3.52975
3.53133
3.53474
3.53685
3.53979
3.54217
3.54494
3.5474
3.55023
3.55264
3.5554
3.55803
3.56057
3.56335
3.56576
3.5686
3.57103
3.57393
3.5761
3.57926
3.5814
3.58438
3.58671
3.58981
3.5917
3.59499
3.59713
3.59991
3.60256
3.60525
3.60783
3.61046
3.61294
3.61579
3.61818
3.62104
3.62351
3.62631
3.62866
3.63161
3.63391
3.63683
3.63922
3.6419
3.64467
3.64697
3.65012
3.65192
3.65554
3.65713
3.66078
3.66251
3.6659
3.66779
3.67112
3.67295
3.67622
3.67835
3.68141
3.68367
3.68672
3.68911
3.69164
3.69424
3.69709
3.69954
3.7022
3.70498
3.70739
3.71024
3.71248
3.71555
3.71763
3.721
3.72265
3.72645
3.72797
3.73133
3.73329
3.73668
3.73866
3.74183
3.7438
3.74697
3.74925
3.75212
3.75478
3.75716
3.7601
3.76222
3.76544
3.76743
3.77084
3.7726
3.77608
3.7779
3.78136
3.78284
3.78656
3.78839
3.79154
3.79389
3.79677
3.79916
3.80174
3.80456
3.80689
3.81008
3.81197
3.81525
3.81697
3.82038
3.82239
3.82554
3.82789
3.8305
3.83319
3.83578
3.83845
3.84107
3.8438
3.84621
3.84904
3.85125
3.85435
3.8566
3.85953
3.86186
3.865
3.86705
3.87018
3.87245
3.87493
3.87797
3.88003
3.88328
3.8854
3.88838
3.89091
3.89333
3.89632
3.89845
3.90167
3.9038
3.90669
3.90921
3.91171
3.91491
3.91682
3.91994
3.92213
3.92503
3.9274
3.93025
3.9328
3.93557
3.93807
3.94102
3.94328
3.9462
3.9487
3.95124
3.95412
3.95625
3.95961
3.9613
3.96483
3.96668
3.96993
3.97203
3.97505
3.97756
3.97982
3.9831
3.98511
3.98826
3.99046
3.99345
3.99573
3.99847
4.00111
4.00357
4.00658
4.00869
4.01171
4.01404
4.01725
4.01912
4.02266
4.02411
4.02795
4.02952
4.03301
4.03504
4.03814
NaN
4.08177
4.08474
4.08712
4.08994
4.0925
4.09491
4.09786
4.10011
4.1033
4.10516
4.10863
4.11038
4.11387
4.11569
4.11886
4.12123
4.12391
4.12657
4.12891
4.13196
4.13422
4.1373
4.13938
4.1427
4.1447
4.14733
4.15035
4.15281
4.15566
4.15789
4.16093
4.16322
4.16632
4.16823
4.17189
4.17313
4.17716
4.17855
4.18215
4.1839
4.18717
4.18941
4.19232
4.19493
4.1972
4.20035
4.20239
4.20559
4.20765
4.21102
4.2128
4.21623
4.21833
4.22121
4.22369
4.22634
4.22886
4.23149
4.23438
4.23664
4.23974
4.24208
4.24444
4.2475
4.2496
4.25306
4.2545
4.2582
4.2601
4.26333
4.26553
4.26817
4.27123
4.27305
4.27679
4.27812
4.28199
4.28332
4.28743
4.28868
4.29231
4.29423
4.29705
4.29999
4.30193
4.30544
4.30719
4.31064
4.3123
4.3157
4.31787
4.32093
4.32303
4.32624
4.32827
4.33127
4.3338
4.33649
4.33901
4.34156
4.34448
4.3468
4.34947
4.35208
4.35498
4.35729
4.36019
4.36253
4.36532
4.36785
4.37078
4.37308
4.37603
4.37843
4.38102
4.38381
4.38633
4.3892
4.39115
4.39467
4.39634
4.40004
4.40166
4.40528
4.40677
4.41022
4.41255
4.41523
4.41812
4.42013
4.42364
4.4251
4.42921
4.43032
4.43408
4.43549
4.43933
4.4409
4.44456
4.44626
4.44945
4.45185
4.4544
4.45742
4.45946
4.46284
4.46465
4.4678
4.47013
4.47308
4.47558
4.47804
4.48087
4.48349
4.48585
4.48867
4.49084
4.49416
4.49634
4.49926
4.50166
4.50461
4.50693
4.50995
4.5125
4.51448
4.51839
4.51944
4.5238
4.52456
4.52909
4.53001
4.53398
4.53549
4.53921
4.54073
4.54395
4.54622
4.54922
4.55156
4.55437
4.55687
4.55956
4.56249
4.56455
4.56771
4.56962
4.57318
4.57487
4.57854
4.5799
4.58385
4.58534
4.5889
4.59091
4.59401
4.59638
4.59916
4.60177
4.60405
4.60725
4.60927
4.6125
4.61462
4.61778
4.61982
4.62288
4.62524
4.6281
4.63072
4.63322
4.63605
4.63831
4.64153
4.64331
4.64686
4.64844
4.65221
4.65363
4.65759
4.65914
4.66254
4.6643
4.66757
4.67007
4.67244
4.67555
4.67747
4.68092
4.68265
4.68623
4.6877
4.69156
4.69302
4.69684
4.69849
4.70169
4.70373
4.70706
4.7091
4.71226
4.71422
4.71733
4.71946
4.7226
4.72495
4.72768
4.73046
4.73267
4.73581
4.7378
4.74122
4.74287
4.74651
4.74831
4.7515
4.75374
4.75664
4.7591
4.76193
4.76445
4.76689
4.76994
4.77184
4.7754
4.777
4.78081
4.7822
4.78606
4.78742
4.79111
4.79302
4.79578
4.79855
4.80141
4.80351
4.8068
4.80877
4.81256
4.81351
4.81779
4.81876
4.82282
4.8244
4.82749
4.83035
4.83234
4.83567
4.83767
4.84084
4.84286
4.84627
4.84805
4.85143
4.85345
4.85652
4.8589
4.8617
4.86432
4.86692
4.86963
4.87147
4.87552
4.87665
4.88063
4.88223
4.88535
4.88801
4.89021
4.89355
4.89505
4.89901
4.90045
4.90399
4.90594
4.90914
4.91128
4.91402
4.91711
4.91889
4.92264
4.92411
4.9278
4.92964
4.93268
4.93516
4.93783
4.9405
4.94299
4.94576
4.94847
4.95049
4.95415
4.95578
4.95912
4.96102
4.96423
4.96672
4.96909
4.97218
4.97422
4.97777
4.97932
4.98277
4.98459
4.98801
4.98992
4.993
4.99551
4.99802
4.99961
4.99795
4.99993
4.99768
4.99993
4.99774
4.99983
4.9978
4.99971
4.99804
4.99968
4.99791
4.99989
4.99759
4.99994
4.99781
4.99979
4.99785
4.99964
4.998
4.99962
4.99788
4.99976
4.99789
4.99967
4.99828
4.99929
4.99834
4.99946
4.99824
4.99922
4.99867
4.99899
4.99875
4.99886
4.99896
4.99863
4.99906
4.99872
4.99904
4.99853
4.99917
4.99831
4.99956
4.99814
4.99982
4.99763
5.00003
