6.850000e-03 
1.382000e-02 
1.466000e-02 
2.051000e-02 
2.069000e-02 
2.711000e-02 
2.692000e-02 
3.390000e-02 
3.351000e-02 
4.047000e-02 
3.988000e-02 
4.695000e-02 
4.620000e-02 
5.331000e-02 
5.281000e-02 
5.959000e-02 
5.939000e-02 
6.573000e-02 
6.611000e-02 
7.198000e-02 
7.291000e-02 
7.785000e-02 
8.004000e-02 
8.340000e-02 
8.721000e-02 
8.915000e-02 
9.433000e-02 
9.485000e-02 
1.013300e-01 
1.006700e-01 
1.083900e-01 
1.063200e-01 
1.152800e-01 
1.122400e-01 
1.218900e-01 
1.184400e-01 
1.283200e-01 
1.249700e-01 
1.345400e-01 
1.317400e-01 
1.404500e-01 
1.386900e-01 
1.462800e-01 
1.459500e-01 
1.522000e-01 
1.530600e-01 
1.573300e-01 
1.606700e-01 
1.627600e-01 
1.681300e-01 
1.681500e-01 
1.754500e-01 
1.736700e-01 
1.827200e-01 
1.795900e-01 
1.896900e-01 
1.853700e-01 
1.965800e-01 
1.914000e-01 
2.031900e-01 
1.977600e-01 
2.092400e-01 
2.045800e-01 
2.151600e-01 
2.116500e-01 
2.207600e-01 
2.190100e-01 
2.262000e-01 
2.265600e-01 
2.315100e-01 
2.341400e-01 
2.366900e-01 
2.417300e-01 
2.419200e-01 
2.493100e-01 
2.472400e-01 
2.566500e-01 
2.528300e-01 
2.638100e-01 
2.586400e-01 
2.706400e-01 
2.647600e-01 
2.771000e-01 
2.713200e-01 
2.832800e-01 
2.781400e-01 
2.892900e-01 
2.852100e-01 
2.949500e-01 
2.925900e-01 
3.003800e-01 
3.001800e-01 
3.056800e-01 
3.078000e-01 
3.109200e-01 
3.153700e-01 
3.161300e-01 
3.226700e-01 
3.218500e-01 
3.300600e-01 
3.274300e-01 
3.370700e-01 
3.332500e-01 
3.438500e-01 
3.395500e-01 
3.502500e-01 
3.461100e-01 
3.563000e-01 
3.530500e-01 
3.622100e-01 
3.602600e-01 
3.678400e-01 
3.677600e-01 
3.732200e-01 
3.752700e-01 
3.785400e-01 
3.828000e-01 
3.840300e-01 
3.899600e-01 
3.897700e-01 
3.967400e-01 
3.959600e-01 
4.031400e-01 
4.025600e-01 
4.091300e-01 
4.095500e-01 
4.149300e-01 
4.168000e-01 
4.207300e-01 
4.239500e-01 
4.264400e-01 
4.309200e-01 
4.324500e-01 
4.376300e-01 
4.387400e-01 
4.440100e-01 
4.453400e-01 
4.500300e-01 
4.521400e-01 
4.559400e-01 
4.589500e-01 
4.621100e-01 
4.657500e-01 
4.682500e-01 
4.724500e-01 
4.745700e-01 
4.788600e-01 
4.809300e-01 
4.851000e-01 
4.875500e-01 
4.912600e-01 
4.942200e-01 
4.974400e-01 
5.008500e-01 
5.037200e-01 
5.074200e-01 
5.099800e-01 
5.138200e-01 
5.165100e-01 
5.202200e-01 
5.230900e-01 
5.265900e-01 
5.297500e-01 
5.331700e-01 
5.362900e-01 
5.394800e-01 
5.427900e-01 
5.458000e-01 
5.493200e-01 
5.522600e-01 
5.557100e-01 
5.588100e-01 
5.621800e-01 
5.652100e-01 
5.684700e-01 
5.717200e-01 
5.748600e-01 
5.781500e-01 
5.812600e-01 
5.845900e-01 
5.877400e-01 
5.910900e-01 
5.941400e-01 
5.974700e-01 
6.006000e-01 
6.038700e-01 
6.070600e-01 
6.102600e-01 
6.135000e-01 
6.166400e-01 
6.204100e-01 
6.235000e-01 
6.268400e-01 
6.298700e-01 
6.333200e-01 
6.364000e-01 
6.396700e-01 
6.428300e-01 
6.461000e-01 
6.492800e-01 
6.525400e-01 
6.557200e-01 
6.588800e-01 
6.621400e-01 
6.652900e-01 
6.686100e-01 
6.717000e-01 
6.750700e-01 
6.781800e-01 
6.815500e-01 
6.846400e-01 
6.880000e-01 
6.910700e-01 
6.944900e-01 
6.975800e-01 
7.009100e-01 
7.040000e-01 
7.073500e-01 
7.104900e-01 
7.137000e-01 
7.168600e-01 
7.200800e-01 
7.233900e-01 
7.266100e-01 
7.298200e-01 
7.329500e-01 
7.362700e-01 
7.392900e-01 
7.426400e-01 
7.456800e-01 
7.491000e-01 
7.521200e-01 
7.554900e-01 
7.585700e-01 
7.618800e-01 
7.651200e-01 
7.683100e-01 
7.715500e-01 
7.746900e-01 
7.780300e-01 
7.811000e-01 
7.844900e-01 
7.876200e-01 
7.909700e-01 
7.940500e-01 
7.973400e-01 
8.004400e-01 
8.038100e-01 
8.070000e-01 
8.101400e-01 
8.134700e-01 
8.165200e-01 
8.198700e-01 
8.228200e-01 
8.262600e-01 
8.293000e-01 
8.327200e-01 
8.357700e-01 
8.391500e-01 
8.422700e-01 
8.455600e-01 
8.486700e-01 
8.519200e-01 
8.552400e-01 
8.583200e-01 
8.616500e-01 
8.647900e-01 
8.681500e-01 
8.712700e-01 
8.746100e-01 
8.777300e-01 
8.809700e-01 
8.841300e-01 
8.873600e-01 
8.905300e-01 
8.937600e-01 
8.970500e-01 
9.002500e-01 
9.034200e-01 
9.066000e-01 
9.098800e-01 
9.131000e-01 
9.163100e-01 
9.195300e-01 
9.228600e-01 
9.260300e-01 
9.292600e-01 
9.324300e-01 
9.357200e-01 
9.388500e-01 
9.421500e-01 
9.453100e-01 
9.486100e-01 
9.517400e-01 
9.550000e-01 
9.581300e-01 
9.615300e-01 
9.646600e-01 
9.679000e-01 
9.711200e-01 
9.743300e-01 
9.776500e-01 
9.807500e-01 
9.840500e-01 
9.872600e-01 
9.905500e-01 
9.937100e-01 
9.969800e-01 
1.000100e+00 
1.003380e+00 
1.006500e+00 
1.009840e+00 
1.012930e+00 
1.016210e+00 
1.019340e+00 
1.022650e+00 
1.025710e+00 
1.028900e+00 
1.032190e+00 
1.035530e+00 
1.038770e+00 
1.041890e+00 
1.045190e+00 
1.048310e+00 
1.051620e+00 
1.054720e+00 
1.058090e+00 
1.061320e+00 
1.064540e+00 
1.067780e+00 
1.070980e+00 
1.074180e+00 
1.077410e+00 
1.080710e+00 
1.083890e+00 
1.087090e+00 
1.090320e+00 
1.093510e+00 
1.096850e+00 
1.100130e+00 
1.103260e+00 
1.106620e+00 
1.109780e+00 
1.112980e+00 
1.116190e+00 
1.119380e+00 
1.122630e+00 
1.125840e+00 
1.129060e+00 
1.132360e+00 
1.135680e+00 
1.138930e+00 
1.142070e+00 
1.145250e+00 
1.148540e+00 
1.151700e+00 
1.154960e+00 
1.158150e+00 
1.161270e+00 
1.164500e+00 
1.167740e+00 
1.171000e+00 
1.174170e+00 
1.177360e+00 
1.180710e+00 
1.184000e+00 
1.187170e+00 
1.190420e+00 
1.193580e+00 
1.196820e+00 
1.200040e+00 
1.203320e+00 
1.206480e+00 
1.209840e+00 
1.212970e+00 
1.216170e+00 
1.219440e+00 
1.222630e+00 
1.225830e+00 
1.229020e+00 
1.232230e+00 
1.235480e+00 
1.238670e+00 
1.241910e+00 
1.245040e+00 
1.248270e+00 
1.251500e+00 
1.254770e+00 
1.257920e+00 
1.261170e+00 
1.264310e+00 
1.267560e+00 
1.270750e+00 
1.274000e+00 
1.277210e+00 
1.280370e+00 
1.283630e+00 
1.286770e+00 
1.290090e+00 
1.293140e+00 
1.296520e+00 
1.299540e+00 
1.302890e+00 
1.306030e+00 
1.309340e+00 
1.312490e+00 
1.315690e+00 
1.318930e+00 
1.322150e+00 
1.325390e+00 
1.328620e+00 
1.331850e+00 
1.335040e+00 
1.338210e+00 
1.341480e+00 
1.344630e+00 
1.347950e+00 
1.351200e+00 
1.354440e+00 
1.357700e+00 
1.360970e+00 
1.364120e+00 
1.367290e+00 
1.370630e+00 
1.373820e+00 
1.377050e+00 
1.380250e+00 
1.383480e+00 
1.386680e+00 
1.389830e+00 
1.393170e+00 
1.396400e+00 
1.399600e+00 
1.402910e+00 
1.406020e+00 
1.409290e+00 
1.412420e+00 
1.415760e+00 
1.418950e+00 
1.422230e+00 
1.425370e+00 
1.428650e+00 
1.431840e+00 
1.435080e+00 
1.438480e+00 
1.441620e+00 
1.444940e+00 
1.448080e+00 
1.451410e+00 
1.454490e+00 
1.457870e+00 
1.460880e+00 
1.464260e+00 
1.467330e+00 
1.470660e+00 
1.473840e+00 
1.477020e+00 
1.480220e+00 
1.483430e+00 
1.486670e+00 
1.489910e+00 
1.493210e+00 
1.496300e+00 
1.499620e+00 
1.502710e+00 
1.506160e+00 
1.509210e+00 
1.512530e+00 
1.515680e+00 
1.518980e+00 
1.522070e+00 
1.525370e+00 
1.528510e+00 
1.531740e+00 
1.534990e+00 
1.538200e+00 
1.541490e+00 
1.544650e+00 
1.547890e+00 
1.551150e+00 
1.554380e+00 
1.557540e+00 
1.560770e+00 
1.564110e+00 
1.567350e+00 
1.570570e+00 
1.573740e+00 
1.576940e+00 
1.580170e+00 
1.583390e+00 
1.586700e+00 
1.589960e+00 
1.593220e+00 
1.596280e+00 
1.599670e+00 
1.602700e+00 
1.606080e+00 
1.609100e+00 
1.612470e+00 
1.615630e+00 
1.618880e+00 
1.622160e+00 
1.625290e+00 
1.628640e+00 
1.631710e+00 
1.635200e+00 
1.638080e+00 
1.641710e+00 
1.644540e+00 
1.648030e+00 
1.651030e+00 
1.654380e+00 
1.657600e+00 
1.660810e+00 
1.664140e+00 
1.667220e+00 
1.670570e+00 
1.673580e+00 
1.676930e+00 
1.680110e+00 
1.683420e+00 
1.686580e+00 
1.689820e+00 
1.693110e+00 
1.696280e+00 
1.699550e+00 
1.702770e+00 
1.706120e+00 
1.709380e+00 
1.712610e+00 
1.715780e+00 
1.718970e+00 
1.722200e+00 
1.725430e+00 
1.728650e+00 
1.731820e+00 
1.734990e+00 
1.738280e+00 
1.741470e+00 
1.744710e+00 
1.747860e+00 
1.751110e+00 
1.754260e+00 
1.757560e+00 
1.760720e+00 
1.764060e+00 
1.767120e+00 
1.770480e+00 
1.773610e+00 
1.776950e+00 
1.780140e+00 
1.783270e+00 
1.786650e+00 
1.789810e+00 
1.793140e+00 
1.796310e+00 
1.799580e+00 
1.802690e+00 
1.805960e+00 
1.809050e+00 
1.812490e+00 
1.815500e+00 
1.818930e+00 
1.821980e+00 
1.825240e+00 
1.828400e+00 
1.831790e+00 
1.834960e+00 
1.838120e+00 
1.841430e+00 
1.844590e+00 
1.847800e+00 
1.851170e+00 
1.854430e+00 
1.857730e+00 
1.860790e+00 
1.864080e+00 
1.867250e+00 
1.870510e+00 
1.873710e+00 
1.876870e+00 
1.880130e+00 
1.883310e+00 
1.886700e+00 
1.889760e+00 
1.893170e+00 
1.896250e+00 
1.899560e+00 
1.902620e+00 
1.906000e+00 
1.909110e+00 
1.912340e+00 
1.915580e+00 
1.918730e+00 
1.922050e+00 
1.925130e+00 
1.928530e+00 
1.931480e+00 
1.935030e+00 
1.937970e+00 
1.941500e+00 
1.944470e+00 
1.947900e+00 
1.951050e+00 
1.954430e+00 
1.957550e+00 
1.960780e+00 
1.964050e+00 
1.966990e+00 
1.970580e+00 
1.973420e+00 
1.977070e+00 
1.979960e+00 
1.983460e+00 
1.986420e+00 
1.989870e+00 
1.993060e+00 
1.996260e+00 
1.999660e+00 
2.002750e+00 
2.006170e+00 
2.009180e+00 
2.012600e+00 
2.015610e+00 
2.018980e+00 
2.022070e+00 
2.025360e+00 
2.028560e+00 
2.031750e+00 
2.035000e+00 
2.038110e+00 
2.041490e+00 
2.044690e+00 
2.048020e+00 
2.051220e+00 
2.054450e+00 
2.057610e+00 
2.060820e+00 
2.064080e+00 
2.067200e+00 
2.070620e+00 
2.073700e+00 
2.077290e+00 
2.080220e+00 
2.083740e+00 
2.086770e+00 
2.090010e+00 
2.093220e+00 
2.096450e+00 
2.099690e+00 
2.102900e+00 
2.106200e+00 
2.109310e+00 
2.112650e+00 
2.115770e+00 
2.119110e+00 
2.122200e+00 
2.125550e+00 
2.128640e+00 
2.131940e+00 
2.135010e+00 
2.138470e+00 
2.141490e+00 
2.144870e+00 
2.148010e+00 
2.151240e+00 
2.154420e+00 
2.157670e+00 
2.161010e+00 
2.164020e+00 
2.167410e+00 
2.170540e+00 
2.173880e+00 
2.176960e+00 
2.180380e+00 
2.183450e+00 
2.186870e+00 
2.189990e+00 
2.193250e+00 
2.196420e+00 
2.199610e+00 
2.202920e+00 
2.206070e+00 
2.209460e+00 
2.212570e+00 
2.215960e+00 
2.219210e+00 
2.222470e+00 
2.225650e+00 
2.228940e+00 
2.232130e+00 
2.235420e+00 
2.238560e+00 
2.241950e+00 
2.245180e+00 
2.248520e+00 
2.251600e+00 
2.254880e+00 
2.258030e+00 
2.261360e+00 
2.264570e+00 
2.267680e+00 
2.271160e+00 
2.274080e+00 
2.277560e+00 
2.280480e+00 
2.283960e+00 
2.287010e+00 
2.290460e+00 
2.293600e+00 
2.296990e+00 
2.300140e+00 
2.303440e+00 
2.306710e+00 
2.309760e+00 
2.313240e+00 
2.316130e+00 
2.319680e+00 
2.322650e+00 
2.326210e+00 
2.329190e+00 
2.332430e+00 
2.335750e+00 
2.338780e+00 
2.342400e+00 
2.345120e+00 
2.348930e+00 
2.351600e+00 
2.355230e+00 
2.358130e+00 
2.361650e+00 
2.364730e+00 
2.368070e+00 
2.371280e+00 
2.374420e+00 
2.377840e+00 
2.380770e+00 
2.384380e+00 
2.387280e+00 
2.390900e+00 
2.393770e+00 
2.397290e+00 
2.400360e+00 
2.403580e+00 
2.406910e+00 
2.410000e+00 
2.413380e+00 
2.416370e+00 
2.419770e+00 
2.422890e+00 
2.426160e+00 
2.429430e+00 
2.432630e+00 
2.435940e+00 
2.439010e+00 
2.442490e+00 
2.445470e+00 
2.448970e+00 
2.451990e+00 
2.455380e+00 
2.458550e+00 
2.461920e+00 
2.464980e+00 
2.468320e+00 
2.471430e+00 
2.474740e+00 
2.478090e+00 
2.481350e+00 
2.484640e+00 
2.487700e+00 
2.491000e+00 
2.494160e+00 
2.497580e+00 
2.500510e+00 
2.504070e+00 
2.507020e+00 
2.510430e+00 
2.513530e+00 
2.516830e+00 
2.519990e+00 
2.523210e+00 
2.526420e+00 
2.529630e+00 
2.532980e+00 
2.536060e+00 
2.539370e+00 
2.542560e+00 
2.545840e+00 
2.549040e+00 
2.552370e+00 
2.555480e+00 
2.558770e+00 
2.561980e+00 
2.565280e+00 
2.568460e+00 
2.571730e+00 
2.574910e+00 
2.578080e+00 
2.581410e+00 
2.584570e+00 
2.587800e+00 
2.591060e+00 
2.594240e+00 
2.597460e+00 
2.600650e+00 
2.603960e+00 
2.607130e+00 
2.610340e+00 
2.613630e+00 
2.616860e+00 
2.620050e+00 
2.623310e+00 
2.626480e+00 
2.629730e+00 
2.632860e+00 
2.636120e+00 
2.639350e+00 
2.642530e+00 
2.645760e+00 
2.649080e+00 
2.652300e+00 
2.655590e+00 
2.658780e+00 
2.661970e+00 
2.665220e+00 
2.668420e+00 
2.671630e+00 
2.674860e+00 
2.678000e+00 
2.681340e+00 
2.684350e+00 
2.687770e+00 
2.690890e+00 
2.694290e+00 
2.697410e+00 
2.700830e+00 
2.703980e+00 
2.707330e+00 
2.710520e+00 
2.713660e+00 
2.716960e+00 
2.720100e+00 
2.723490e+00 
2.726570e+00 
2.729900e+00 
2.733080e+00 
2.736350e+00 
2.739600e+00 
2.743530e+00 
2.746600e+00 
2.749980e+00 
2.753210e+00 
2.756420e+00 
2.759720e+00 
2.762900e+00 
2.766200e+00 
2.769450e+00 
2.772720e+00 
2.775940e+00 
2.779200e+00 
2.782470e+00 
2.785820e+00 
2.789050e+00 
2.792350e+00 
2.795410e+00 
2.798740e+00 
2.802090e+00 
2.805050e+00 
2.808640e+00 
2.811530e+00 
2.815140e+00 
2.818100e+00 
2.821440e+00 
2.824630e+00 
2.827740e+00 
2.831090e+00 
2.834140e+00 
2.837580e+00 
2.840540e+00 
2.844080e+00 
2.847040e+00 
2.850430e+00 
2.853600e+00 
2.856840e+00 
2.860140e+00 
2.863270e+00 
2.866680e+00 
2.869840e+00 
2.873230e+00 
2.876320e+00 
2.879740e+00 
2.882690e+00 
2.886140e+00 
2.889190e+00 
2.892520e+00 
2.895780e+00 
2.898880e+00 
2.902330e+00 
2.905350e+00 
2.908760e+00 
2.911870e+00 
2.915130e+00 
2.918330e+00 
2.921610e+00 
2.924930e+00 
2.928200e+00 
2.931230e+00 
2.934710e+00 
2.937910e+00 
2.941070e+00 
2.944440e+00 
2.947490e+00 
2.950960e+00 
2.953820e+00 
2.957360e+00 
2.960260e+00 
2.963750e+00 
2.966770e+00 
2.970180e+00 
2.973200e+00 
2.976740e+00 
2.979830e+00 
2.983240e+00 
2.986380e+00 
2.989760e+00 
2.993050e+00 
2.996170e+00 
2.999690e+00 
3.002770e+00 
3.006190e+00 
3.009180e+00 
3.012580e+00 
3.015630e+00 
3.019000e+00 
3.022100e+00 
3.025400e+00 
3.028670e+00 
3.032070e+00 
3.035250e+00 
3.038320e+00 
3.041770e+00 
3.044860e+00 
3.048310e+00 
3.051060e+00 
3.054880e+00 
3.057490e+00 
3.061220e+00 
3.064140e+00 
3.067420e+00 
3.070720e+00 
3.073790e+00 
3.077350e+00 
3.080300e+00 
3.083850e+00 
3.086730e+00 
3.090340e+00 
3.093260e+00 
3.096700e+00 
3.099780e+00 
3.103050e+00 
3.106360e+00 
3.109440e+00 
3.112790e+00 
3.115850e+00 
3.119190e+00 
3.122270e+00 
3.125680e+00 
3.128760e+00 
3.132110e+00 
3.135240e+00 
3.138540e+00 
3.141770e+00 
3.145020e+00 
3.148300e+00 
3.151500e+00 
3.154750e+00 
3.157880e+00 
3.161410e+00 
3.164350e+00 
3.167800e+00 
3.170930e+00 
3.174370e+00 
3.177440e+00 
3.180820e+00 
3.183940e+00 
3.187330e+00 
3.190450e+00 
3.193790e+00 
3.196920e+00 
3.200290e+00 
3.203460e+00 
3.206790e+00 
3.209950e+00 
3.213280e+00 
3.216490e+00 
3.219760e+00 
3.223080e+00 
3.226220e+00 
3.229540e+00 
3.232540e+00 
3.236010e+00 
3.238910e+00 
3.242630e+00 
3.245450e+00 
3.248970e+00 
3.252060e+00 
3.255410e+00 
3.258480e+00 
3.261820e+00 
3.265050e+00 
3.268140e+00 
3.271520e+00 
3.274490e+00 
3.278020e+00 
3.280900e+00 
3.285370e+00 
3.287720e+00 
3.290230e+00 
3.295220e+00 
3.295820e+00 
3.302260e+00 
3.302040e+00 
3.309120e+00 
3.308280e+00 
3.315620e+00 
3.315260e+00 
3.321530e+00 
3.322530e+00 
3.327170e+00 
3.329710e+00 
3.333140e+00 
3.337010e+00 
3.338690e+00 
3.344130e+00 
3.344920e+00 
3.350690e+00 
3.351470e+00 
3.356870e+00 
3.358330e+00 
3.363050e+00 
3.365120e+00 
3.368900e+00 
3.372080e+00 
3.375000e+00 
3.378940e+00 
3.382110e+00 
3.384550e+00 
3.389180e+00 
3.390760e+00 
3.395640e+00 
3.397580e+00 
3.402130e+00 
3.404050e+00 
3.408470e+00 
3.410830e+00 
3.414590e+00 
3.417530e+00 
3.420730e+00 
3.424250e+00 
3.427550e+00 
3.430960e+00 
3.433700e+00 
3.437580e+00 
3.440120e+00 
3.444110e+00 
3.446520e+00 
3.450490e+00 
3.453270e+00 
3.456750e+00 
3.459860e+00 
3.463020e+00 
3.466430e+00 
3.469210e+00 
3.473040e+00 
3.475730e+00 
3.479700e+00 
3.482230e+00 
3.486180e+00 
3.488740e+00 
3.492480e+00 
3.495380e+00 
3.498820e+00 
3.502120e+00 
3.505210e+00 
3.508520e+00 
3.512590e+00 
3.513840e+00 
3.519690e+00 
3.520130e+00 
3.525820e+00 
3.526950e+00 
3.532010e+00 
3.533900e+00 
3.537920e+00 
3.540920e+00 
3.543790e+00 
3.547790e+00 
3.549880e+00 
3.554610e+00 
3.556160e+00 
3.561180e+00 
3.562910e+00 
3.567430e+00 
3.569520e+00 
3.573690e+00 
3.576410e+00 
3.580070e+00 
3.583050e+00 
3.586480e+00 
3.589700e+00 
3.592690e+00 
3.596450e+00 
3.599030e+00 
3.603140e+00 
3.605280e+00 
3.609560e+00 
3.611960e+00 
3.616080e+00 
3.618700e+00 
3.622580e+00 
3.625320e+00 
3.628880e+00 
3.631920e+00 
3.635150e+00 
3.638610e+00 
3.641610e+00 
3.645070e+00 
3.648020e+00 
3.651550e+00 
3.654570e+00 
3.658030e+00 
3.661050e+00 
3.664550e+00 
3.667680e+00 
3.671070e+00 
3.674180e+00 
3.677560e+00 
3.680790e+00 
3.684060e+00 
3.687430e+00 
3.690630e+00 
3.694100e+00 
3.697060e+00 
3.700390e+00 
3.703770e+00 
3.706790e+00 
3.710350e+00 
3.713170e+00 
3.716980e+00 
3.719810e+00 
3.723400e+00 
3.726270e+00 
3.729840e+00 
3.732780e+00 
3.736300e+00 
3.739410e+00 
3.743740e+00 
3.744780e+00 
3.750090e+00 
3.751550e+00 
3.756110e+00 
3.758560e+00 
3.762120e+00 
3.765350e+00 
3.768190e+00 
3.772260e+00 
3.774330e+00 
3.779050e+00 
3.780820e+00 
3.785530e+00 
3.787310e+00 
3.791800e+00 
3.794070e+00 
3.797830e+00 
3.800910e+00 
3.804260e+00 
3.807590e+00 
3.810340e+00 
3.814340e+00 
3.816600e+00 
3.821060e+00 
3.822940e+00 
3.827600e+00 
3.829500e+00 
3.833800e+00 
3.836250e+00 
3.840200e+00 
3.843150e+00 
3.846210e+00 
3.850040e+00 
3.852600e+00 
3.856900e+00 
3.858830e+00 
3.863220e+00 
3.865700e+00 
3.869390e+00 
3.872490e+00 
3.875610e+00 
3.879410e+00 
3.881840e+00 
3.885950e+00 
3.888360e+00 
3.892300e+00 
3.895070e+00 
3.898700e+00 
3.901560e+00 
3.905190e+00 
3.908070e+00 
3.911550e+00 
3.914630e+00 
3.917910e+00 
3.921190e+00 
3.924350e+00 
3.927870e+00 
3.930940e+00 
3.934240e+00 
3.937390e+00 
3.940770e+00 
3.943880e+00 
3.947590e+00 
3.950270e+00 
3.953850e+00 
3.956770e+00 
3.960180e+00 
3.963470e+00 
3.966730e+00 
3.969950e+00 
3.972970e+00 
3.976660e+00 
3.979540e+00 
3.983250e+00 
3.986120e+00 
3.989340e+00 
3.993790e+00 
3.994830e+00 
4.000040e+00 
4.002010e+00 
4.005870e+00 
4.009450e+00 
4.011580e+00 
4.016350e+00 
4.017490e+00 
4.023280e+00 
4.023960e+00 
4.029640e+00 
4.030770e+00 
4.035960e+00 
4.037460e+00 
4.042020e+00 
4.044570e+00 
4.047810e+00 
4.051580e+00 
4.053980e+00 
4.058500e+00 
4.059980e+00 
4.065150e+00 
4.066510e+00 
4.071390e+00 
4.073280e+00 
4.077490e+00 
4.080120e+00 
4.083660e+00 
4.087120e+00 
4.089660e+00 
4.094040e+00 
4.095840e+00 
4.100720e+00 
4.102340e+00 
4.107260e+00 
4.109040e+00 
4.113430e+00 
4.116240e+00 
4.118990e+00 
4.123160e+00 
4.125500e+00 
4.129540e+00 
4.132380e+00 
4.136040e+00 
4.139180e+00 
4.142330e+00 
4.145990e+00 
4.148640e+00 
4.152540e+00 
4.155000e+00 
4.159030e+00 
4.161610e+00 
4.165570e+00 
4.168070e+00 
4.171780e+00 
4.174940e+00 
4.178100e+00 
4.183010e+00 
4.183310e+00 
4.189160e+00 
4.190190e+00 
4.195330e+00 
4.196510e+00 
4.202030e+00 
4.203400e+00 
4.207940e+00 
4.210470e+00 
4.213890e+00 
4.217370e+00 
4.220070e+00 
4.224260e+00 
4.226270e+00 
4.231520e+00 
4.231770e+00 
4.237660e+00 
4.239170e+00 
4.243550e+00 
4.246210e+00 
4.249430e+00 
4.253250e+00 
4.255720e+00 
4.259960e+00 
4.262170e+00 
4.266100e+00 
4.269120e+00 
4.272600e+00 
4.274270e+00 
4.276430e+00 
4.278400e+00 
4.279940e+00 
4.281420e+00 
4.282870e+00 
4.284160e+00 
4.285800e+00 
4.288860e+00 
4.291000e+00 
4.290590e+00 
4.290300e+00 
4.290030e+00 
4.289570e+00 
4.289420e+00 
4.289570e+00 
4.289760e+00 
4.289820e+00 
4.289710e+00 
4.289670e+00 
4.289490e+00 
4.289080e+00 
4.289060e+00 
4.288960e+00 
4.288530e+00 
4.288130e+00 
4.287750e+00 
4.288850e+00 
4.289550e+00 
4.288580e+00 
4.288270e+00 
4.287680e+00 
4.287310e+00 
4.286880e+00 
4.286370e+00 
4.286140e+00 
4.285620e+00 
4.285700e+00 
4.286420e+00 
4.286260e+00 
4.285450e+00 
4.284720e+00 
4.284160e+00 
4.284140e+00 
4.284480e+00 
4.285540e+00 
4.287430e+00 
4.287520e+00 
4.287250e+00 
4.287140e+00 
4.287030e+00 
4.287120e+00 
4.288810e+00 
4.288790e+00 
4.288710e+00 
4.288210e+00 
4.287670e+00 
4.286630e+00 
4.284910e+00 
4.283870e+00 
4.283220e+00 
4.283100e+00 
4.283000e+00 
4.282860e+00 
4.282820e+00 
4.282430e+00 
4.282030e+00 
4.281890e+00 
4.281990e+00 
4.282070e+00 
4.282470e+00 
4.284450e+00 
4.285040e+00 
4.284980e+00 
4.284380e+00 
4.283620e+00 
4.282920e+00 
4.282640e+00 
4.282290e+00 
4.281700e+00 
4.281160e+00 
4.280460e+00 
4.279700e+00 
4.279060e+00 
4.278580e+00 
4.277900e+00 
4.277290e+00 
4.276510e+00 
4.275440e+00 
4.274670e+00 
4.273640e+00 
4.273030e+00 
4.271950e+00 
4.271180e+00 
4.270500e+00 
4.269390e+00 
4.268350e+00 
4.267660e+00 
4.267420e+00 
4.267280e+00 
4.266810e+00 
4.266260e+00 
4.265710e+00 
4.265480e+00 
4.265170e+00 
4.265040e+00 
4.264400e+00 
4.263290e+00 
4.261350e+00 
4.259120e+00 
4.257020e+00 
4.255080e+00 
4.253310e+00 
4.251870e+00 
4.250730e+00 
4.249610e+00 
4.248790e+00 
4.248210e+00 
4.247670e+00 
4.247130e+00 
4.246660e+00 
4.246310e+00 
4.245710e+00 
4.245310e+00 
4.245150e+00 
4.244830e+00 
4.244330e+00 
4.243640e+00 
4.243160e+00 
4.242420e+00 
4.241690e+00 
4.241000e+00 
4.240410e+00 
4.239870e+00 
4.239420e+00 
4.239060e+00 
4.238480e+00 
4.237910e+00 
4.237230e+00 
4.237130e+00 
4.237160e+00 
4.237070e+00 
4.236640e+00 
4.235940e+00 
4.234720e+00 
4.233570e+00 
4.232620e+00 
4.231800e+00 
4.230980e+00 
4.230440e+00 
4.230000e+00 
4.229730e+00 
4.229340e+00 
4.229180e+00 
4.228740e+00 
4.228460e+00 
4.228170e+00 
4.228040e+00 
4.227630e+00 
4.227460e+00 
4.227240e+00 
4.227140e+00 
4.227250e+00 
4.227920e+00 
4.228830e+00 
4.229500e+00 
4.229320e+00 
4.229370e+00 
4.229790e+00 
4.230270e+00 
4.230900e+00 
4.231550e+00 
4.232190e+00 
4.232210e+00 
4.232370e+00 
4.232800e+00 
4.233500e+00 
4.233630e+00 
4.233820e+00 
4.234180e+00 
4.234680e+00 
4.234890e+00 
4.235040e+00 
4.235000e+00 
4.235030e+00 
4.235220e+00 
4.235170e+00 
4.234960e+00 
4.234780e+00 
4.234320e+00 
4.232600e+00 
4.230950e+00 
4.229300e+00 
4.227720e+00 
4.226560e+00 
