5.14986e-05	0
6.67577e-05	0
7.62944e-05	0
9.15532e-05	1.90736e-06
0.00010109	0
0.000118256	1.90736e-06
0.000125886	1.90736e-06
0.000144959	1.90736e-06
0.000152589	1.90736e-06
0.000169755	3.81473e-06
0.000179292	3.81473e-06
0.000198365	3.81473e-06
0.000207902	3.81473e-06
0.000226975	3.81473e-06
0.000236512	3.81473e-06
0.000255587	5.72208e-06
0.000267031	5.72208e-06
0.000284197	5.72208e-06
0.000295641	5.72208e-06
0.000314714	5.72208e-06
0.000328066	7.62945e-06
0.000341417	7.62945e-06
0.000356676	7.62945e-06
0.000371935	7.62945e-06
0.000389101	9.5368e-06
0.000400545	9.5368e-06
0.000421526	9.5368e-06
0.000431063	9.5368e-06
0.000450136	1.14442e-05
0.00046158	1.14442e-05
0.000484468	1.14442e-05
0.0004921	1.14442e-05
0.000513081	1.14442e-05
0.000522617	1.14442e-05
0.000545505	1.14442e-05
0.000553135	1.14442e-05
0.00057793	1.14442e-05
0.000583652	1.14442e-05
0.000608448	1.14442e-05
0.000616077	1.33515e-05
0.000640873	1.33515e-05
0.000646595	1.33515e-05
0.000673298	1.33515e-05
0.00067902	1.33515e-05
0.000701908	1.52589e-05
0.000711445	1.52589e-05
0.000734333	1.52589e-05
0.000741962	1.52589e-05
0.000762943	1.71663e-05
0.000776295	1.52589e-05
0.000793461	1.71663e-05
0.000806812	1.71663e-05
0.000822071	1.71663e-05
0.000839237	1.90736e-05
0.000852589	1.71663e-05
0.000869755	1.71663e-05
0.000883106	1.90736e-05
0.000904087	1.90736e-05
0.000911716	1.90736e-05
0.000936512	1.90736e-05
0.000944141	2.0981e-05
0.000967029	2.0981e-05
0.000974659	2.0981e-05
0.000999458	2.0981e-05
0.00100518	2.0981e-05
0.00102998	2.0981e-05
0.00103761	2.28883e-05
0.0010624	2.28883e-05
0.00107003	2.28883e-05
0.00109292	2.28883e-05
0.00110245	2.28883e-05
0.00112153	2.47956e-05
0.00113488	2.28883e-05
0.00115205	2.28883e-05
0.00116921	2.47956e-05
0.00118447	2.47956e-05
0.00119973	2.47956e-05
0.00121308	2.47956e-05
0.00123215	2.47956e-05
0.0012436	2.47956e-05
0.00126649	2.47956e-05
0.00127412	2.47956e-05
0.001297	2.47956e-05
0.00130654	2.6703e-05
0.00132943	2.6703e-05
0.00133706	2.86103e-05
0.00135995	2.86103e-05
0.00136948	2.86103e-05
0.00139237	2.86103e-05
0.0014	2.86103e-05
0.00142289	2.86103e-05
0.00143433	3.05178e-05
0.0014515	3.05178e-05
0.00146485	3.05178e-05
0.00148202	3.05178e-05
0.00149918	3.24252e-05
0.00151444	3.05178e-05
0.00153161	3.24252e-05
0.00154305	3.24252e-05
0.00156213	3.05178e-05
0.00157357	3.24252e-05
0.00159646	3.43325e-05
0.00160599	3.43325e-05
0.00162698	3.43325e-05
0.00163651	3.43325e-05
0.00165749	3.43325e-05
0.00166894	3.43325e-05
0.00168992	3.43325e-05
0.00169946	3.43325e-05
0.00171662	3.43325e-05
0.00173188	3.62399e-05
0.00174714	3.62399e-05
0.0017643	3.62399e-05
0.00177956	3.81472e-05
0.00179482	3.81472e-05
0.00180817	3.62399e-05
0.00182915	3.81472e-05
0.00183869	3.81472e-05
0.00185967	3.81472e-05
0.00187112	3.81472e-05
0.00189019	3.81472e-05
0.00190163	3.81472e-05
0.00192071	4.00546e-05
0.00193406	4.00546e-05
0.00195314	4.00546e-05
0.00196649	4.00546e-05
0.00197984	3.81472e-05
0.00199701	4.00546e-05
0.00201036	4.00546e-05
0.00202753	4.19619e-05
0.00204279	4.19619e-05
0.00205995	4.19619e-05
0.0020733	4.19619e-05
0.00209238	4.19619e-05
0.00210573	4.38693e-05
0.0021248	4.38693e-05
0.00213815	4.19619e-05
0.00215341	4.38693e-05
0.00216676	4.57766e-05
0.00218202	4.38693e-05
0.00219537	4.57766e-05
0.00221063	4.38693e-05
0.0022278	4.76839e-05
0.00224306	4.76839e-05
0.00225832	4.76839e-05
0.00227357	4.76839e-05
0.00229074	4.95913e-05
0.00230791	4.76839e-05
0.00232507	4.95913e-05
0.00233842	4.76839e-05
0.0023575	4.95913e-05
0.00236894	4.95913e-05
0.0023842	5.14986e-05
0.00239564	5.14986e-05
0.0024109	4.95913e-05
0.00242235	4.95913e-05
0.00243951	5.14986e-05
0.00245287	4.95913e-05
0.00246812	4.95913e-05
0.00248529	4.95913e-05
0.00250246	5.14986e-05
0.00252153	5.14986e-05
0.00253679	5.3406e-05
0.00255395	5.14986e-05
0.00257112	5.14986e-05
0.00258829	5.3406e-05
0.00260355	5.3406e-05
0.0026169	5.3406e-05
0.00263025	5.3406e-05
0.0026436	5.3406e-05
0.00265695	5.53133e-05
0.00266649	5.3406e-05
0.00267984	5.3406e-05
0.00269319	5.3406e-05
0.00270654	5.53133e-05
0.00271989	5.72207e-05
0.00273515	5.53133e-05
0.00275041	5.53133e-05
0.00277139	5.53133e-05
0.00278665	5.72207e-05
0.00280382	5.72207e-05
0.0028248	5.72207e-05
0.00284196	5.72207e-05
0.00285913	5.9128e-05
0.0028782	5.9128e-05
0.00289346	5.9128e-05
0.00291063	5.72207e-05
0.0029278	6.10356e-05
0.00294115	6.2943e-05
0.0029545	5.9128e-05
0.00296594	6.10356e-05
0.00297929	6.2943e-05
0.00298883	6.2943e-05
0.00299837	6.2943e-05
0.00300981	6.10356e-05
0.00302126	6.10356e-05
0.00303079	6.10356e-05
0.00304605	6.10356e-05
0.00305749	5.9128e-05
0.00307275	6.10356e-05
0.00308801	6.48503e-05
0.00310327	6.48503e-05
0.00312044	6.2943e-05
0.00313951	6.2943e-05
0.00315668	6.48503e-05
0.00317766	6.48503e-05
0.00319482	6.2943e-05
0.0032158	6.48503e-05
0.00323488	6.48503e-05
0.00325586	6.48503e-05
0.00327303	6.48503e-05
0.0032921	6.48503e-05
0.00331117	6.48503e-05
0.00332643	6.48503e-05
0.00334169	6.67577e-05
0.00335504	6.67577e-05
0.00336839	6.8665e-05
0.00337984	6.67577e-05
0.00339128	6.67577e-05
0.00339891	6.67577e-05
0.00340654	6.48503e-05
0.00341798	6.48503e-05
0.00342561	7.05724e-05
0.00343134	6.67577e-05
0.00344087	6.67577e-05
0.00345232	6.67577e-05
0.00346185	6.8665e-05
0.00347139	6.48503e-05
0.00348474	6.8665e-05
0.00349809	6.8665e-05
0.00351144	6.8665e-05
0.00352861	6.8665e-05
0.00354196	6.67577e-05
0.00356294	6.67577e-05
0.0035782	7.05724e-05
0.00359537	7.05724e-05
0.00361635	7.24797e-05
0.00363733	7.24797e-05
0.0036564	7.05724e-05
0.00367929	6.8665e-05
0.00370027	7.24797e-05
0.00371934	7.05724e-05
0.00374223	7.24797e-05
0.00376321	7.43871e-05
0.00378419	7.24797e-05
0.00380327	7.24797e-05
0.00382425	7.05724e-05
0.00384142	7.24797e-05
0.00385858	7.24797e-05
0.00387575	7.24797e-05
0.00389101	6.8665e-05
0.00390628	7.43871e-05
0.00391772	7.24797e-05
0.00392917	7.43871e-05
0.0039368	7.62944e-05
0.00394824	7.82018e-05
0.00395587	7.62944e-05
0.00396159	7.62944e-05
0.00396731	7.82018e-05
0.00397113	7.43871e-05
0.00397876	7.43871e-05
0.00398448	7.43871e-05
0.0039883	7.62944e-05
0.00399593	7.62944e-05
0.00400165	7.82018e-05
0.00401118	7.62944e-05
0.00401881	7.62944e-05
0.00402835	7.43871e-05
0.0040417	7.43871e-05
0.00405315	7.82018e-05
0.00406459	7.62944e-05
0.00407794	7.82018e-05
0.0040932	7.82018e-05
0.00410655	7.82018e-05
0.00412181	7.62944e-05
0.00414088	7.62944e-05
0.00415996	7.62944e-05
0.00417522	7.82018e-05
0.0041962	7.62944e-05
0.00421146	7.62944e-05
0.00423434	7.62944e-05
0.00425151	7.62944e-05
0.00427631	7.62944e-05
0.00429538	7.82018e-05
0.00431636	7.62944e-05
0.00434306	7.82018e-05
0.00436214	7.82018e-05
0.00438502	8.01091e-05
0.00440982	7.82018e-05
0.00443271	8.01091e-05
0.00445369	7.82018e-05
0.00447848	8.01091e-05
0.00450137	7.82018e-05
0.00452808	8.20165e-05
0.00454524	7.82018e-05
0.00457004	8.01091e-05
0.00459102	8.39238e-05
0.00461009	8.20165e-05
0.00462535	8.01091e-05
0.00464633	8.58312e-05
0.00465968	9.34605e-05
0.00467303	8.58312e-05
0.00468448	8.20165e-05
0.00469783	8.01091e-05
0.00470737	8.58312e-05
0.00471309	8.01091e-05
0.00471881	8.01091e-05
0.00472453	8.39238e-05
0.00472644	8.20165e-05
0.00473216	8.20165e-05
0.00473788	8.20165e-05
0.00473598	8.20165e-05
0.00473788	8.39238e-05
0.00473979	8.58312e-05
0.00473979	7.82018e-05
0.00474551	8.39238e-05
0.00474742	8.01091e-05
0.00475124	8.01091e-05
0.00475696	8.01091e-05
0.00475886	7.82018e-05
0.00476649	8.20165e-05
0.00477412	8.01091e-05
0.00477985	7.82018e-05
0.00479129	8.01091e-05
0.00479892	8.01091e-05
0.00480846	8.01091e-05
0.00481799	7.82018e-05
0.00483134	7.82018e-05
0.0048447	8.20165e-05
0.00485614	8.20165e-05
0.00486758	7.82018e-05
0.00488093	8.39238e-05
0.00489429	8.20165e-05
0.00490955	8.20165e-05
0.0049248	8.01091e-05
0.00494006	8.39238e-05
0.00495723	8.20165e-05
0.00497249	8.20165e-05
0.00498965	8.39238e-05
0.00500491	8.20165e-05
0.00502208	8.01091e-05
0.00503924	8.01091e-05
0.00505641	8.01091e-05
0.00507739	8.01091e-05
0.00509647	7.82018e-05
0.00511172	7.82018e-05
0.00513461	8.01091e-05
0.00515178	7.82018e-05
0.00517467	7.82018e-05
0.00519374	7.82018e-05
0.00521854	8.01091e-05
0.00523952	8.01091e-05
0.00526622	8.20165e-05
0.00528339	7.82018e-05
0.00530627	8.01091e-05
0.00533298	7.82018e-05
0.00535777	8.39238e-05
0.00538066	8.01091e-05
0.00540546	8.20165e-05
0.00543407	8.77385e-05
0.00545695	8.77385e-05
0.00547984	8.39238e-05
0.00550464	8.20165e-05
0.00553134	8.01091e-05
0.00555804	8.58312e-05
0.00557902	8.58312e-05
0.00560382	8.39238e-05
0.00563243	9.15532e-05
0.0056515	8.77385e-05
0.0056763	8.58312e-05
0.00570109	8.58312e-05
0.00571635	8.39238e-05
0.00573733	8.77385e-05
0.00575832	9.15532e-05
0.00577167	8.77385e-05
0.00579074	8.96459e-05
0.00580028	8.77385e-05
0.00581363	8.39238e-05
0.00582317	8.58312e-05
0.00583652	8.96459e-05
0.00584224	8.96459e-05
0.00585178	8.39238e-05
0.0058575	8.96459e-05
0.00586131	8.39238e-05
0.00586513	8.96459e-05
0.00586894	8.77385e-05
0.00587085	9.15532e-05
0.00586703	8.96459e-05
0.00586703	8.58312e-05
0.00586894	8.58312e-05
0.00586894	8.77385e-05
0.00586513	8.58312e-05
0.00586131	8.01091e-05
0.00586322	8.58312e-05
0.0058575	8.01091e-05
0.00585559	8.20165e-05
0.00585559	8.20165e-05
0.00585368	8.39238e-05
0.00585368	8.58312e-05
0.0058575	8.77385e-05
0.0058594	8.20165e-05
0.0058594	8.77385e-05
0.0058594	8.39238e-05
0.00586322	8.39238e-05
0.00586513	8.01091e-05
0.00587466	8.20165e-05
0.00587657	8.20165e-05
0.00588611	8.58312e-05
0.00588802	8.01091e-05
0.00589755	7.82018e-05
0.00590518	8.39238e-05
0.00591472	7.82018e-05
0.00592425	7.82018e-05
0.00593379	8.20165e-05
0.00594333	8.01091e-05
0.00595477	7.82018e-05
0.00596622	7.82018e-05
0.00597385	7.82018e-05
0.00598529	7.82018e-05
0.00600436	7.82018e-05
0.00601009	7.62944e-05
0.00602153	8.01091e-05
0.00603679	8.01091e-05
0.00605014	7.82018e-05
0.00606158	7.62944e-05
0.00608066	8.39238e-05
0.00608829	7.82018e-05
0.00610355	7.82018e-05
0.00612071	8.01091e-05
0.00613216	7.82018e-05
0.00614741	7.82018e-05
0.00616077	7.82018e-05
0.00617793	7.82018e-05
0.00619128	7.82018e-05
0.00620654	7.82018e-05
0.00622371	7.82018e-05
0.00624278	7.82018e-05
0.00625613	7.62944e-05
0.00627139	8.01091e-05
0.00628474	7.82018e-05
0.00630382	8.01091e-05
0.00632098	7.82018e-05
0.00633624	7.62944e-05
0.00634959	7.82018e-05
0.00636867	7.82018e-05
0.00638774	7.62944e-05
0.006403	7.43871e-05
0.00642017	7.43871e-05
0.00643733	7.43871e-05
0.0064564	7.82018e-05
0.00647548	7.62944e-05
0.00649646	7.82018e-05
0.00651172	7.62944e-05
0.00653461	8.01091e-05
0.00655368	8.01091e-05
0.00657466	7.62944e-05
0.00659564	7.43871e-05
0.0066109	6.67577e-05
0.0066357	7.82018e-05
0.00665668	7.62944e-05
0.00667575	7.24797e-05
0.00670245	7.24797e-05
0.00672534	6.8665e-05
0.00674632	7.24797e-05
0.00677112	7.62944e-05
0.00679401	7.43871e-05
0.00681689	7.05724e-05
0.00684169	7.24797e-05
0.00686648	7.62944e-05
0.0068951	7.43871e-05
0.00691989	7.62944e-05
0.00694659	6.67577e-05
0.00697139	7.24797e-05
0.00699809	6.8665e-05
0.00702861	7.43871e-05
0.00705913	7.62944e-05
0.00708202	7.24797e-05
0.00711063	7.62944e-05
0.00714305	7.82018e-05
0.00716975	7.24797e-05
0.00719455	7.24797e-05
0.00722125	7.62944e-05
0.00725368	7.43871e-05
0.00728419	7.05724e-05
0.0073109	7.24797e-05
0.00733951	7.82018e-05
0.0073624	7.24797e-05
0.00739291	7.82018e-05
0.00741771	8.20165e-05
0.0074425	8.01091e-05
0.00746539	7.43871e-05
0.00748637	8.01091e-05
0.00750735	7.62944e-05
0.00752833	7.62944e-05
0.00755122	7.82018e-05
0.00756457	7.24797e-05
0.00758174	7.62944e-05
0.00760081	7.24797e-05
0.00761607	7.24797e-05
0.00763133	7.43871e-05
0.00763705	7.24797e-05
0.00765422	7.62944e-05
0.00766376	7.24797e-05
0.00766948	7.62944e-05
0.00767711	7.05724e-05
0.00768283	7.24797e-05
0.00768855	7.05724e-05
0.00768664	6.48503e-05
0.00769237	7.43871e-05
0.00769809	7.82018e-05
0.00769809	7.43871e-05
0.00769809	7.43871e-05
0.00769809	6.8665e-05
0.00770381	6.8665e-05
0.0077	6.8665e-05
0.0077	6.48503e-05
0.00770572	6.8665e-05
0.00770381	7.24797e-05
0.00770572	7.82018e-05
0.0077019	6.8665e-05
0.0077	6.48503e-05
0.00769618	6.2943e-05
0.00769427	6.48503e-05
0.00769427	6.67577e-05
0.00769237	7.05724e-05
0.00768474	6.48503e-05
0.00767902	6.2943e-05
0.00768092	6.67577e-05
0.00766948	7.43871e-05
0.00766757	6.48503e-05
0.00765803	6.48503e-05
0.00765613	6.67577e-05
0.0076485	6.67577e-05
0.00763896	6.67577e-05
0.00763515	7.05724e-05
0.00762752	5.72207e-05
0.0076237	6.10356e-05
0.00761989	6.8665e-05
0.00761798	6.48503e-05
0.00761035	5.9128e-05
0.00760654	5.9128e-05
0.00760463	5.3406e-05
0.00760654	5.9128e-05
0.00760081	6.10356e-05
0.00760463	6.48503e-05
0.00760463	5.9128e-05
0.00760081	5.53133e-05
0.00760081	6.10356e-05
0.00760463	5.3406e-05
0.00760654	5.53133e-05
0.00760844	5.53133e-05
0.00761417	5.14986e-05
0.00761798	5.72207e-05
0.00762561	5.9128e-05
0.00763133	5.72207e-05
0.00763705	5.53133e-05
0.00764468	5.3406e-05
0.00765041	4.95913e-05
0.00765803	5.14986e-05
0.00766757	5.3406e-05
0.00767329	5.14986e-05
0.00768283	5.14986e-05
0.00769427	5.14986e-05
0.00769809	4.38693e-05
0.00770953	5.14986e-05
0.00772098	4.38693e-05
0.00773624	4.76839e-05
0.00774768	4.00546e-05
0.0077534	3.81472e-05
0.00776866	3.81472e-05
0.00778392	4.19619e-05
0.00779536	4.57766e-05
0.00780872	4.76839e-05
0.00782019	4.57766e-05
0.00783354	4.95913e-05
0.00784308	3.81472e-05
0.00786215	4.57766e-05
0.00786978	3.81472e-05
0.00788885	4.57766e-05
0.0079003	4.76839e-05
0.00791746	4.38693e-05
0.00793272	4.19619e-05
0.00794035	4.00546e-05
0.00796133	4.00546e-05
0.00797087	3.24252e-05
0.00798804	4.00546e-05
0.00800139	4.38693e-05
0.00801474	3.81472e-05
0.00803	3.05178e-05
0.00804526	3.43325e-05
0.0080567	3.24252e-05
0.00807005	3.43325e-05
0.0080815	3.05178e-05
0.00810057	3.24252e-05
0.00811583	3.24252e-05
0.00812727	2.86103e-05
0.00814635	3.05178e-05
0.0081597	3.81472e-05
0.00817305	3.81472e-05
0.0081864	3.05178e-05
0.00819784	2.6703e-05
0.0082112	3.05178e-05
0.00822645	3.62399e-05
0.00823408	2.47956e-05
0.00825125	3.05178e-05
0.00826651	2.47956e-05
0.00827795	3.62399e-05
0.00828749	2.86103e-05
0.00830466	3.43325e-05
0.00831419	2.6703e-05
0.00833136	2.86103e-05
0.0083409	2.0981e-05
0.00835234	2.47956e-05
0.00836378	2.6703e-05
0.00837904	2.47956e-05
0.0083943	2.0981e-05
0.00840956	2.0981e-05
0.00841147	1.14442e-05
0.00843245	2.0981e-05
0.00844008	1.14442e-05
0.00845343	1.52589e-05
0.00846487	2.6703e-05
0.00847632	1.90736e-05
0.00848967	2.47956e-05
0.00850302	1.33515e-05
0.00851637	2.28883e-05
0.00852972	1.90736e-05
0.00853735	1.71663e-05
0.00855643	1.90736e-05
0.00856787	1.71663e-05
0.00857931	9.5368e-06
0.00858885	1.14442e-05
0.0086022	9.5368e-06
0.00861555	1.52589e-05
0.00863463	1.14442e-05
0.00864416	1.52589e-05
0.0086537	1.33515e-05
0.00866705	1.14442e-05
0.00868803	1.14442e-05
0.00869375	9.5368e-06
0.00871283	9.5368e-06
0.00872618	1.33515e-05
0.00873953	1.14442e-05
0.00875479	7.62945e-06
0.00877005	1.14442e-05
0.00877959	3.81473e-06
0.00879294	1.90736e-06
0.0088101	1.90736e-06
0.00882727	3.81473e-06
0.00884062	1.90736e-06
0.00885779	0
0.00887877	9.5368e-06
0.0088883	0
0.00890738	-1.90736e-06
0.00892836	-1.33515e-05
0.00894362	3.81473e-06
0.00895888	-7.62945e-06
0.00897795	-3.81473e-06
0.00899321	-5.72208e-06
0.00901419	-9.5368e-06
0.00903898	-3.81473e-06
0.00905806	-5.72208e-06
0.00907904	-1.14442e-05
0.00909811	-1.14442e-05
0.00911337	-9.5368e-06
0.00914007	-9.5368e-06
0.00915915	-9.5368e-06
0.00918585	-5.72208e-06
0.00920302	-1.33515e-05
0.0092259	-1.90736e-06
0.00925452	-1.14442e-05
0.00927931	-7.62945e-06
0.00930029	-1.52589e-05
0.00932699	-9.5368e-06
0.00934988	-1.52589e-05
0.00937086	-2.6703e-05
0.00939947	-1.90736e-05
0.00942236	-1.71663e-05
0.00945097	-2.0981e-05
0.00947958	-1.71663e-05
0.00950629	-2.28883e-05
0.00953108	-2.0981e-05
0.0095616	-1.90736e-05
0.00959402	-2.86103e-05
0.00962263	-2.0981e-05
0.00964552	-2.6703e-05
0.00968176	-1.33515e-05
0.00971037	-2.28883e-05
0.00974089	-2.47956e-05
0.00977141	-1.52589e-05
0.0097962	-3.05178e-05
0.00983626	-2.0981e-05
0.00986677	-3.24252e-05
0.00989157	-2.86103e-05
0.0099259	-4.00546e-05
0.00996214	-2.6703e-05
0.00999266	-3.43325e-05
0.0100213	-3.62399e-05
0.0100613	-4.00546e-05
0.0100976	-4.00546e-05
0.0101224	-4.38693e-05
0.0101548	-4.00546e-05
0.010191	-3.81472e-05
0.0102311	-3.05178e-05
0.0102578	-4.00546e-05
0.0102959	-3.05178e-05
0.0103245	-3.62399e-05
0.0103646	-2.6703e-05
0.0103913	-4.00546e-05
0.0104294	-2.86103e-05
0.0104619	-3.05178e-05
0.0104905	-2.86103e-05
0.0105191	-2.6703e-05
0.0105515	-3.05178e-05
0.0105801	-3.24252e-05
0.0106164	-3.43325e-05
0.0106412	-4.57766e-05
0.0106679	-4.76839e-05
0.0106984	-4.00546e-05
0.0107232	-5.14986e-05
0.0107518	-3.43325e-05
0.0107785	-3.43325e-05
0.0107995	-4.00546e-05
0.01083	-4.19619e-05
0.0108452	-5.3406e-05
0.0108681	-5.3406e-05
0.0108948	-4.19619e-05
0.0109158	-4.95913e-05
0.0109311	-4.57766e-05
0.0109444	-5.14986e-05
0.0109616	-4.19619e-05
0.0109807	-5.72207e-05
0.0109978	-4.38693e-05
0.0110074	-4.76839e-05
0.0110245	-4.95913e-05
0.0110303	-5.3406e-05
0.0110398	-5.53133e-05
0.0110589	-5.9128e-05
0.0110627	-5.9128e-05
0.0110684	-5.3406e-05
0.0110837	-5.3406e-05
0.0110837	-5.14986e-05
0.0110913	-5.3406e-05
0.0111027	-4.57766e-05
0.0111085	-5.3406e-05
0.0111046	-4.19619e-05
0.0111085	-5.3406e-05
0.0111123	-6.2943e-05
0.0111218	-5.72207e-05
0.0111256	-4.95913e-05
0.0111294	-5.53133e-05
0.0111218	-5.72207e-05
0.0111313	-6.10356e-05
0.0111313	-4.95913e-05
0.0111333	-5.3406e-05
0.0111294	-6.10356e-05
0.0111294	-6.2943e-05
0.0111294	-6.8665e-05
0.011139	-5.72207e-05
0.0111352	-5.3406e-05
0.0111333	-6.10356e-05
0.011139	-5.9128e-05
0.0111409	-6.67577e-05
0.011139	-6.67577e-05
0.0111371	-5.72207e-05
0.0111409	-5.53133e-05
0.0111333	-7.05724e-05
0.0111333	-7.82018e-05
0.011139	-6.8665e-05
0.0111409	-5.9128e-05
0.0111371	-5.9128e-05
0.0111409	-6.67577e-05
0.0111428	-6.10356e-05
0.011139	-7.05724e-05
0.0111333	-6.67577e-05
0.0111352	-8.39238e-05
0.0111333	-7.43871e-05
0.0111352	-7.24797e-05
0.0111428	-6.10356e-05
0.011139	-7.24797e-05
0.0111333	-6.8665e-05
0.0111409	-6.67577e-05
0.0111428	-6.2943e-05
0.0111333	-6.10356e-05
0.0111409	-6.2943e-05
0.011139	-7.24797e-05
0.0111333	-8.01091e-05
0.0111352	-7.82018e-05
0.0111371	-7.62944e-05
0.0111294	-8.96459e-05
0.0111352	-8.58312e-05
0.0111333	-8.01091e-05
0.0111294	-8.58312e-05
0.0111294	-7.24797e-05
0.0111218	-8.01091e-05
0.0111161	-7.82018e-05
0.0111161	-7.05724e-05
0.0111161	-7.24797e-05
0.0111123	-6.48503e-05
0.0111104	-7.05724e-05
0.0111046	-8.01091e-05
0.0110989	-8.01091e-05
0.0110875	-7.62944e-05
0.0110856	-8.77385e-05
0.0110779	-8.20165e-05
0.0110779	-7.05724e-05
0.0110665	-7.24797e-05
0.011057	-8.20165e-05
0.0110493	-8.96459e-05
0.0110417	-7.05724e-05
0.0110245	-8.58312e-05
0.0110169	-7.24797e-05
0.0110112	-8.20165e-05
0.0109997	-7.24797e-05
0.010994	-7.24797e-05
0.0109788	-8.58312e-05
0.0109692	-9.15532e-05
0.0109521	-9.53679e-05
0.0109406	-9.34605e-05
0.0109349	-8.96459e-05
0.0109254	-8.58312e-05
0.0109063	-8.96459e-05
0.0108948	-8.58312e-05
0.0108872	-8.77385e-05
0.0108758	-8.39238e-05
0.0108624	-8.01091e-05
0.0108548	-8.39238e-05
0.0108452	-9.34605e-05
0.0108338	-9.72752e-05
0.0108262	-9.34605e-05
0.0108185	-0.00010109
0.0108014	-9.53679e-05
0.0107995	-9.34605e-05
0.0107937	-8.39238e-05
0.0107842	-9.34605e-05
0.0107785	-0.000108719
0.010767	-0.000102997
0.0107575	-0.000106812
0.0107537	-9.91826e-05
0.0107518	-9.15532e-05
0.0107442	-0.000106812
0.0107403	-0.000112534
0.0107422	-0.000108719
0.0107365	-0.000106812
0.0107346	-9.91826e-05
0.0107327	-0.000108719
0.0107384	-0.000102997
0.0107346	-0.000112534
0.0107384	-9.72752e-05
0.0107384	-0.000114441
0.0107346	-0.000112534
0.0107365	-0.000120163
0.0107403	-0.000122071
0.010748	-0.000108719
0.010748	-0.000112534
0.0107575	-0.000118256
0.0107632	-0.000104905
0.0107689	-0.000106812
0.0107728	-0.000116349
0.0107823	-0.000125886
0.0107804	-0.000118256
0.0107957	-0.000106812
0.0108033	-0.000106812
0.0108109	-0.000129701
0.0108185	-0.000122071
0.0108262	-0.000112534
0.01083	-0.000131608
0.0108414	-0.000129701
0.0108567	-0.000120163
0.0108643	-0.000114441
0.0108739	-0.000129701
0.0108872	-0.000123979
0.0109044	-0.000129701
0.0109139	-0.000131608
0.0109196	-0.000127793
0.0109311	-0.000131608
0.0109463	-0.00013733
0.0109635	-0.000141145
0.0109769	-0.000127793
0.0109902	-0.000135423
0.0109959	-0.000144959
0.0110093	-0.00013733
0.0110264	-0.000146867
0.0110379	-0.000143052
0.0110531	-0.000141145
0.0110741	-0.000133515
0.0110894	-0.000144959
0.0110989	-0.00013733
0.011118	-0.000133515
0.0111275	-0.000141145
0.0111428	-0.000139237
0.0111657	-0.000146867
0.011179	-0.000150681
0.0111962	-0.000146867
0.0112057	-0.000154496
0.0112286	-0.000160218
0.0112458	-0.000160218
0.011263	-0.000146867
0.0112744	-0.000150681
0.0112954	-0.000141145
0.0113049	-0.000144959
0.0113259	-0.000148774
0.0113373	-0.000164033
0.0113602	-0.000158311
0.0113717	-0.000162126
0.0113965	-0.000141145
0.0114136	-0.000150681
0.0114327	-0.000164033
0.0114461	-0.000146867
0.0114594	-0.000158311
0.0114785	-0.000169755
0.0114976	-0.000169755
0.0115166	-0.000160218
0.0115319	-0.000162126
0.0115548	-0.000171662
0.01157	-0.000183106
0.0115834	-0.000179292
0.0116082	-0.00017357
0.0116273	-0.000179292
0.0116444	-0.000164033
0.0116578	-0.00017357
0.0116826	-0.000158311
0.0117036	-0.000164033
0.0117226	-0.000169755
0.0117379	-0.000169755
0.0117512	-0.00017357
0.0117684	-0.000188828
0.0117894	-0.000183106
0.0118046	-0.000183106
0.0118237	-0.00019455
0.0118428	-0.000185014
0.0118676	-0.00017357
0.0118809	-0.000185014
0.0119038	-0.000192643
0.011921	-0.000192643
0.0119362	-0.000183106
0.0119496	-0.000186921
0.0119706	-0.000198365
0.0119877	-0.00020218
0.0120125	-0.000192643
0.0120297	-0.00019455
0.0120488	-0.000188828
0.0120602	-0.00019455
0.0120812	-0.000198365
0.0121041	-0.000205995
0.0121155	-0.000205995
0.0121327	-0.000221253
0.0121537	-0.000209809
0.0121766	-0.000221253
0.0121899	-0.000236512
0.0122033	-0.000223161
0.0122319	-0.000190736
0.0122452	-0.00020218
0.0122567	-0.000200273
0.0122738	-0.000207902
0.0123006	-0.000205995
0.012312	-0.000198365
0.0123253	-0.000211717
0.0123444	-0.000213624
0.0123597	-0.000209809
0.0123749	-0.000217439
0.0123978	-0.000207902
0.0124169	-0.000223161
0.0124322	-0.000226975
0.0124417	-0.000225068
0.0124608	-0.000247957
0.012476	-0.00024605
0.0124989	-0.000240327
0.0125123	-0.00024605
0.0125218	-0.000249865
0.0125371	-0.00024605
0.0125561	-0.000242234
0.0125695	-0.000244142
0.0125905	-0.000225068
0.0125981	-0.000236512
0.0126134	-0.00023842
0.0126267	-0.000234605
0.012642	-0.000228883
0.0126591	-0.000219346
0.0126782	-0.000223161
0.0126916	-0.000225068
0.0127049	-0.000225068
0.0127144	-0.000240327
0.0127316	-0.000228883
0.0127392	-0.00024605
0.0127526	-0.000244142
0.0127698	-0.000240327
0.012785	-0.000242234
0.0127984	-0.000228883
0.0128041	-0.00023842
0.0128193	-0.000236512
0.0128327	-0.000228883
0.0128461	-0.000232697
0.0128499	-0.00024605
0.012867	-0.000244142
0.0128747	-0.000240327
0.0128918	-0.00023842
0.0128995	-0.000255587
0.0129052	-0.00024605
0.0129185	-0.000247957
0.0129281	-0.000257494
0.0129414	-0.000268938
0.012949	-0.00027466
0.0129662	-0.000267031
0.0129758	-0.000276567
0.0129872	-0.000268938
0.012991	-0.000268938
0.0129967	-0.000261309
0.013012	-0.000268938
0.0130196	-0.000259401
0.0130311	-0.000265123
0.0130387	-0.000278475
0.0130406	-0.000286104
0.013054	-0.000268938
0.0130578	-0.000265123
0.0130654	-0.000284197
0.0130749	-0.000293734
0.0130807	-0.000282289
0.0130978	-0.00027466
0.0131055	-0.000265123
0.0131035	-0.000268938
0.0131112	-0.000291826
0.0131264	-0.000289919
0.0131341	-0.000272753
0.0131379	-0.000284197
0.0131474	-0.000278475
0.0131417	-0.000307085
0.0131512	-0.000301363
0.0131589	-0.000299456
0.0131627	-0.000291826
0.0131646	-0.000286104
0.013176	-0.000297548
0.0131875	-0.000291826
0.0131837	-0.000314714
0.013197	-0.000295641
0.0131913	-0.000297548
0.0131989	-0.000295641
0.0132104	-0.000291826
0.0132123	-0.000289919
0.0132199	-0.000301363
0.0132199	-0.00030327
0.0132256	-0.000305178
0.0132256	-0.000320436
0.0132332	-0.000312807
0.0132294	-0.000328066
0.0132428	-0.000308992
0.0132447	-0.000312807
0.0132428	-0.000329973
0.0132561	-0.000320436
0.0132485	-0.000324251
0.0132523	-0.000328066
0.0132619	-0.000318529
0.013258	-0.000318529
0.0132695	-0.000322344
0.0132619	-0.000331881
0.0132676	-0.000316622
0.0132752	-0.000329973
0.0132809	-0.000322344
0.0132828	-0.000324251
0.0132867	-0.000320436
0.0132867	-0.000308992
0.0132886	-0.000305178
0.0132828	-0.000326158
0.0132943	-0.000324251
0.0132924	-0.000329973
0.0132924	-0.000329973
0.0133019	-0.000331881
0.0132962	-0.000343325
0.0132962	-0.000331881
0.0133076	-0.000314714
0.0132981	-0.000324251
0.0133095	-0.000328066
0.0133038	-0.000347139
0.0133095	-0.000331881
0.0133134	-0.000328066
0.0133172	-0.000324251
0.0133191	-0.000322344
0.0133229	-0.000335695
0.013321	-0.000331881
0.0133191	-0.000352861
0.0133267	-0.000337603
0.0133248	-0.000350954
0.0133267	-0.000333788
0.0133343	-0.000331881
0.0133305	-0.000331881
0.0133267	-0.000345232
0.0133324	-0.000356676
0.0133343	-0.000347139
0.0133381	-0.000343325
0.0133477	-0.000333788
0.0133477	-0.000345232
0.0133401	-0.000352861
0.0133515	-0.000358583
0.0133477	-0.000343325
0.0133553	-0.000337603
0.013361	-0.000350954
0.0133515	-0.000364305
0.0133534	-0.000366213
0.0133649	-0.000350954
0.0133687	-0.000341417
0.0133687	-0.000356676
0.0133725	-0.000366213
0.0133706	-0.000345232
0.0133763	-0.000333788
0.0133782	-0.000347139
0.013382	-0.000364305
0.0133877	-0.000343325
0.0133954	-0.000358583
0.0134011	-0.000350954
0.0134011	-0.000371935
0.0133973	-0.000381472
0.0134011	-0.000373842
0.0134125	-0.000356676
0.0134125	-0.000356676
0.013424	-0.000364305
0.0134278	-0.000356676
0.0134259	-0.000358583
0.0134392	-0.000360491
0.0134411	-0.000373842
0.0134488	-0.000358583
0.0134507	-0.000371935
0.0134545	-0.000366213
0.0134564	-0.000370027
0.0134678	-0.000370027
0.0134659	-0.000379564
0.0134678	-0.000370027
0.0134755	-0.00037575
0.0134888	-0.00036812
0.0134965	-0.000383379
0.0135041	-0.000373842
0.0135041	-0.000366213
0.0135155	-0.000371935
0.0135193	-0.000377657
0.0135308	-0.000371935
0.0135365	-0.000366213
0.0135365	-0.000373842
0.0135441	-0.000394823
0.0135575	-0.000373842
0.0135651	-0.000370027
0.0135689	-0.000377657
0.0135804	-0.000383379
0.0135861	-0.000394823
0.0135937	-0.00039673
0.0135995	-0.000377657
0.0136014	-0.000383379
0.0136109	-0.000385286
0.0136281	-0.000398638
0.0136262	-0.000389101
0.0136395	-0.000431063
0.013651	-0.000345232
0.0136586	-0.000358583
0.0136643	-0.000406267
0.0136796	-0.000410082
0.013691	-0.000406267
0.0136929	-0.00039673
0.0137082	-0.000383379
0.0137063	-0.000402452
0.0137234	-0.000402452
0.0137253	-0.000431063
0.0137368	-0.000419619
0.0137482	-0.000392916
0.0137673	-0.000392916
0.013773	-0.00040436
0.0137826	-0.000413897
0.0137921	-0.000413897
0.0138054	-0.000413897
0.0138188	-0.000413897
0.0138188	-0.00040436
0.013836	-0.000389101
0.0138417	-0.000413897
0.0138608	-0.000417711
0.0138684	-0.000434877
0.0138722	-0.000436785
0.0138837	-0.000419619
0.0138932	-0.000429155
0.0139027	-0.000431063
0.0139199	-0.000408174
0.013939	-0.000408174
0.0139485	-0.000421526
0.0139561	-0.00043297
0.0139695	-0.000423433
0.0139752	-0.000436785
0.0139866	-0.000438692
0.0139981	-0.000442507
0.0140191	-0.000434877
0.0140324	-0.000431063
0.0140343	-0.000436785
0.0140477	-0.000434877
0.0140648	-0.000442507
0.014082	-0.000440599
0.0140877	-0.000444414
0.0141049	-0.000438692
0.0141144	-0.000452043
0.0141221	-0.000442507
0.014143	-0.000427248
0.0141545	-0.000440599
0.014164	-0.000440599
0.0141793	-0.000436785
0.014185	-0.000438692
0.0141984	-0.000452043
0.0142193	-0.000450136
0.0142251	-0.000446321
0.0142384	-0.000452043
0.0142518	-0.000465395
0.0142689	-0.000438692
0.0142861	-0.000448229
0.0142995	-0.000450136
0.0143128	-0.000455858
0.0143185	-0.000463488
0.0143433	-0.000446321
0.014351	-0.000446321
0.0143605	-0.000455858
0.0143719	-0.000457766
0.014391	-0.000465395
0.0144101	-0.000452043
0.0144139	-0.000474932
0.014433	-0.000457766
0.0144501	-0.000452043
0.0144559	-0.000480654
0.014473	-0.000463488
0.0144959	-0.000453951
0.0145054	-0.00046158
0.0145131	-0.000478746
0.0145341	-0.000463488
0.0145455	-0.000453951
0.0145608	-0.000463488
0.0145817	-0.000471117
0.0145913	-0.000474932
0.0146065	-0.000459673
0.0146218	-0.000474932
0.0146313	-0.0004921
0.0146504	-0.000478746
0.0146695	-0.00046921
0.0146828	-0.00046921
0.0147019	-0.00046921
0.0147076	-0.000476839
0.0147305	-0.000476839
0.0147458	-0.000476839
0.014761	-0.000476839
0.0147744	-0.000488285
0.014782	-0.000490192
0.0147973	-0.000497822
0.0148221	-0.000478746
0.0148392	-0.000478746
0.0148545	-0.000478746
0.0148659	-0.000488285
0.0148793	-0.0004921
0.0148984	-0.000499729
0.0149098	-0.000499729
0.0149308	-0.0004921
0.0149403	-0.000488285
0.0149594	-0.000480654
0.0149842	-0.000490192
0.0149918	-0.000499729
0.0150128	-0.000505451
0.0150223	-0.000528339
0.0150414	-0.000514988
0.0150548	-0.000503544
0.0150777	-0.000514988
0.015091	-0.000509266
0.0151158	-0.000490192
0.015133	-0.000505451
0.0151444	-0.000514988
0.0151616	-0.000528339
0.0151845	-0.000534061
0.0151997	-0.000532154
0.0152226	-0.000532154
0.0152321	-0.000522617
0.0152474	-0.000537876
0.0152665	-0.000518803
0.0152913	-0.000514988
0.0153065	-0.000514988
0.0153332	-0.000528339
0.015337	-0.000528339
0.015358	-0.000528339
0.0153809	-0.000539783
0.0154076	-0.000539783
0.0154229	-0.000541691
0.0154381	-0.000555042
0.0154591	-0.000545505
0.0154763	-0.000537876
0.0155011	-0.000528339
0.0155259	-0.000539783
0.0155469	-0.000543598
0.0155583	-0.000541691
0.0155755	-0.000537876
0.0155984	-0.000545505
0.0156212	-0.000551227
0.0156404	-0.000553135
0.0156595	-0.000555042
0.0156804	-0.000558857
0.0157033	-0.000555042
0.0157262	-0.000555042
0.0157567	-0.000543598
0.0157777	-0.000555042
0.0157911	-0.000568394
0.0158197	-0.000551227
0.0158406	-0.000558857
0.0158597	-0.000572208
0.0158864	-0.000551227
0.0159093	-0.000560764
0.015936	-0.00057793
0.0159532	-0.000570301
0.0159761	-0.000570301
0.0160142	-0.000572208
0.0160276	-0.000583652
0.0160619	-0.000566486
0.0160829	-0.000581745
0.0161	-0.000604633
0.0161306	-0.000598911
0.0161515	-0.000583652
0.0161802	-0.000581745
0.0162069	-0.000595096
0.0162431	-0.000581745
0.0162679	-0.000568394
0.0162965	-0.000589374
0.0163232	-0.000597004
0.0163537	-0.000591282
0.0163785	-0.000593189
0.0164109	-0.000579838
0.0164376	-0.000602726
0.0164586	-0.000625614
0.0164872	-0.000608448
0.0165254	-0.000597004
0.0165616	-0.000619892
0.0165769	-0.000625614
0.0166208	-0.000623707
0.0166379	-0.000621799
0.016678	-0.000616077
0.0167161	-0.000621799
0.0167466	-0.000623707
0.0167676	-0.000635151
0.0168077	-0.000612263
0.0168382	-0.000623707
0.016863	-0.000637058
0.0169088	-0.000623707
0.0169431	-0.000627521
0.0169812	-0.000621799
0.017006	-0.00064278
0.0170366	-0.000644688
0.0170766	-0.000665668
0.0171186	-0.000658039
0.0171491	-0.00064278
0.0171853	-0.000646595
0.0172178	-0.000646595
0.0172559	-0.000659946
0.0172998	-0.000661854
0.0173398	-0.000661854
0.0173665	-0.000667576
0.0174009	-0.000661854
0.0174466	-0.000659946
0.0174905	-0.000658039
0.0175172	-0.000667576
0.0175534	-0.000686649
0.0175935	-0.000677112
0.0176297	-0.000669483
0.0176774	-0.000669483
0.0177099	-0.000690464
0.0177556	-0.000673298
0.0177938	-0.000677112
0.0178243	-0.000700001
0.0178643	-0.000703815
0.0179044	-0.00067139
0.0179559	-0.000692371
0.017994	-0.000700001
0.0180227	-0.000700001
0.0180627	-0.000694279
0.0181009	-0.000700001
0.0181543	-0.000692371
0.0181924	-0.000694279
0.0182248	-0.000709537
0.0182592	-0.000713352
0.0182992	-0.000715259
0.0183488	-0.000700001
0.0183908	-0.000717167
0.0184308	-0.000698093
0.0184556	-0.000703815
0.0184938	-0.000717167
0.0185319	-0.000726704
0.018572	-0.000724796
0.0186177	-0.000711445
0.0186559	-0.000705723
0.0186845	-0.000713352
0.0187303	-0.000720982
0.0187627	-0.000732426
0.0188009	-0.000734333
0.0188409	-0.000741962
0.0188657	-0.00074387
0.0188943	-0.000741962
0.0189306	-0.000740055
0.0189763	-0.000709537
0.0189973	-0.000734333
0.0190316	-0.000724796
0.0190698	-0.000747684
0.0190984	-0.000757221
0.0191308	-0.000766758
0.0191671	-0.000749592
0.0191976	-0.00074387
0.0192224	-0.000738148
0.0192453	-0.000753406
0.019272	-0.000753406
0.0193139	-0.000759128
0.0193349	-0.000755314
0.019354	-0.000757221
0.0193769	-0.000753406
0.0194093	-0.000757221
0.0194303	-0.00080109
0.0194551	-0.000776295
0.0194875	-0.000726704
0.0195047	-0.00074387
0.0195161	-0.000753406
0.0195409	-0.000776295
0.0195562	-0.000780109
0.0195924	-0.000757221
0.0196115	-0.000740055
0.0196248	-0.000759128
0.0196325	-0.000793461
0.0196496	-0.000787739
0.0196801	-0.00074387
0.0196954	-0.000749592
0.0197011	-0.000761036
0.0197126	-0.000778202
0.0197259	-0.000768665
0.0197507	-0.000766758
0.0197679	-0.000741962
0.0197793	-0.000766758
0.0197927	-0.000782017
0.019787	-0.000787739
0.0198003	-0.00080872
0.0198079	-0.000795368
0.0198327	-0.000774387
0.0198308	-0.000787739
0.0198404	-0.000806812
0.0198442	-0.000804905
0.0198556	-0.000787739
0.0198728	-0.000764851
0.0198842	-0.000766758
0.0198823	-0.00077248
0.0198823	-0.00080109
0.0198976	-0.000791553
0.0199033	-0.000783924
0.0199167	-0.000766758
0.0199128	-0.000782017
0.0199109	-0.000787739
0.0199128	-0.000802997
0.0199243	-0.000789646
0.01993	-0.000797275
0.0199376	-0.000780109
0.01993	-0.000791553
0.0199395	-0.00077248
0.0199376	-0.000776295
0.0199376	-0.000783924
0.019951	-0.000795368
0.0199586	-0.00080872
0.0199529	-0.000791553
0.0199472	-0.000812534
0.0199643	-0.000780109
0.0199567	-0.000785831
0.0199682	-0.000785831
0.0199643	-0.000789646
0.0199586	-0.000804905
0.0199605	-0.000795368
0.0199567	-0.000806812
0.0199624	-0.000780109
0.0199624	-0.000795368
0.0199605	-0.000806812
0.0199758	-0.000791553
0.0199739	-0.000778202
0.0199777	-0.000783924
0.0199643	-0.000816349
0.0199662	-0.000804905
0.0199682	-0.000791553
0.0199777	-0.000782017
0.0199777	-0.000793461
0.019972	-0.000823978
0.0199796	-0.000787739
0.0199777	-0.000782017
0.019972	-0.000780109
0.0199815	-0.00080109
0.0199758	-0.000793461
0.0199643	-0.000816349
0.0199815	-0.000789646
0.0199815	-0.000791553
0.0199815	-0.000787739
0.0199815	-0.000789646
0.0199777	-0.000793461
0.0199682	-0.000793461
0.0199701	-0.000795368
0.0199777	-0.00080109
0.0199815	-0.000812534
0.0199796	-0.00080872
0.0199701	-0.00080872
0.0199739	-0.000804905
0.0199682	-0.000799183
0.0199682	-0.000802997
0.0199815	-0.000825886
0.0199739	-0.000799183
0.0199662	-0.000835422
0.0199758	-0.000804905
0.0199739	-0.000789646
0.0199701	-0.000793461
0.0199682	-0.000802997
0.0199662	-0.000806812
0.0199701	-0.000797275
0.0199758	-0.000789646
0.0199758	-0.000802997
0.0199796	-0.000793461
0.0199796	-0.000793461
0.0199758	-0.000814442
0.019972	-0.000818256
0.0199643	-0.000833515
0.0199682	-0.000814442
0.0199682	-0.000806812
0.0199796	-0.000806812
0.0199662	-0.000823978
0.0199796	-0.000816349
0.019972	-0.000820164
0.0199777	-0.000802997
0.0199777	-0.000818256
0.0199796	-0.000822071
0.0199739	-0.000835422
0.0199643	-0.000825886
0.0199682	-0.000820164
0.0199643	-0.000820164
0.0199796	-0.000793461
0.0199777	-0.000804905
0.0199777	-0.000797275
0.0199662	-0.000812534
0.0199758	-0.000799183
0.0199758	-0.000818256
0.0199777	-0.000823978
0.0199682	-0.000822071
0.0199758	-0.00080872
0.0199758	-0.000810627
0.0199682	-0.000835422
0.0199682	-0.000835422
0.0199701	-0.000823978
0.0199758	-0.0008297
0.0199643	-0.000827793
0.0199739	-0.000816349
0.0199796	-0.000823978
0.0199643	-0.000848774
0.0199777	-0.000860218
0.0199777	-0.000814442
0.0199777	-0.00080872
0.0199777	-0.000806812
0.0199682	-0.000816349
0.0199643	-0.000835422
0.0199777	-0.000827793
0.0199758	-0.000814442
0.019972	-0.000823978
0.0199796	-0.000846867
0.0199777	-0.000839237
0.019972	-0.000823978
0.0199777	-0.000833515
0.0199777	-0.000833515
0.0199777	-0.000852589
0.0199643	-0.000833515
0.0199796	-0.000818256
0.0199796	-0.000812534
0.0199682	-0.000856403
0.0199624	-0.000864033
0.0199643	-0.000835422
0.0199777	-0.000823978
0.0199739	-0.000804905
0.019972	-0.000816349
0.0199643	-0.000820164
0.0199701	-0.000822071
0.0199777	-0.000833515
0.0199777	-0.000820164
0.0199739	-0.000816349
0.0199643	-0.00083733
0.0199643	-0.000858311
0.0199758	-0.000843052
0.0199758	-0.00083733
0.0199758	-0.000858311
0.0199682	-0.000877384
0.0199758	-0.000862125
0.0199758	-0.000854496
0.0199643	-0.000852589
0.0199643	-0.000862125
0.0199758	-0.000820164
0.0199758	-0.000793461
0.0199701	-0.000782017
0.0199701	-0.000776295
0.0199643	-0.000795368
0.0199643	-0.000823978
0.0199758	-0.000825886
0.0199758	-0.000841144
0.0199758	-0.000846867
0.0199643	-0.000856403
0.0199643	-0.000833515
0.0199643	-0.000789646
0.0199758	-0.000768665
0.0199777	-0.000766758
0.0199777	-0.000747684
0.0199662	-0.000761036
0.0199643	-0.000774387
0.0199739	-0.00077248
0.0199739	-0.000774387
0.0199758	-0.000762943
0.0199662	-0.000766758
0.0199605	-0.000759128
0.0199682	-0.000762943
0.0199758	-0.000762943
0.0199739	-0.000745777
0.0199643	-0.000802997
0.0199529	-0.000841144
0.0199624	-0.000713352
0.019972	-0.000658039
0.019951	-0.000755314
0.019951	-0.000740055
0.0199605	-0.000740055
0.0199453	-0.000770573
0.0199414	-0.000818256
0.0199529	-0.0008297
0.019951	-0.00080872
0.0199491	-0.000825886
0.0199319	-0.000806812
0.01993	-0.00080872
0.0199319	-0.000802997
0.0199205	-0.000797275
0.0199262	-0.000810627
0.0199109	-0.000823978
0.0199167	-0.000806812
0.0199052	-0.000816349
0.0199109	-0.00080872
0.0199033	-0.00080872
0.01989	-0.000833515
0.0198842	-0.000818256
0.0198747	-0.000820164
0.019869	-0.000793461
0.0198728	-0.000806812
0.0198671	-0.000818256
0.0198537	-0.000806812
0.0198365	-0.000797275
0.0198251	-0.000814442
0.0198308	-0.000814442
0.0198213	-0.000783924
0.0198098	-0.000793461
0.0197889	-0.000818256
0.0197831	-0.000804905
0.0197755	-0.000793461
0.019766	-0.000806812
0.0197545	-0.000816349
0.0197412	-0.000797275
0.0197183	-0.000787739
0.0197011	-0.000802997
0.0196992	-0.000793461
0.0196878	-0.000766758
0.019663	-0.000783924
0.0196477	-0.000793461
0.0196267	-0.000791553
0.0196191	-0.000806812
0.0196038	-0.000793461
0.0195829	-0.000793461
0.0195581	-0.000802997
0.0195466	-0.000795368
0.0195371	-0.000785831
0.019518	-0.000780109
0.0194989	-0.000789646
0.0194761	-0.000793461
0.0194551	-0.000768665
0.019436	-0.000776295
0.0194169	-0.000789646
0.0193883	-0.000783924
0.019375	-0.000780109
0.0193521	-0.000797275
0.0193273	-0.000778202
0.0193139	-0.000783924
0.0192834	-0.000761036
0.0192605	-0.000776295
0.0192281	-0.000795368
0.0192071	-0.000782017
0.0192033	-0.000766758
0.0191709	-0.00077248
0.0191423	-0.000785831
0.0191289	-0.000766758
0.0191003	-0.000783924
0.0190793	-0.000782017
0.0190641	-0.000776295
0.0190316	-0.000766758
0.019003	-0.000780109
0.0189763	-0.000782017
0.018963	-0.00077248
0.0189382	-0.000770573
0.0189248	-0.000791553
0.0188962	-0.000766758
0.0188657	-0.00077248
0.01886	-0.000728611
0.0188257	-0.000766758
0.0188123	-0.000766758
0.0187837	-0.000768665
0.0187608	-0.000768665
0.018736	-0.000761036
0.0187284	-0.000762943
0.0187093	-0.000747684
0.0186769	-0.000774387
0.0186559	-0.000774387
0.0186502	-0.000753406
0.0186292	-0.000753406
0.018612	-0.000751499
0.0185968	-0.000745777
0.0185796	-0.000751499
0.0185548	-0.000761036
0.0185338	-0.000770573
0.0185243	-0.000768665
0.0185148	-0.000753406
0.0184938	-0.000766758
0.0184785	-0.000755314
0.0184709	-0.000759128
0.0184575	-0.000749592
0.0184346	-0.000757221
0.0184194	-0.000755314
0.0184156	-0.000753406
0.0184079	-0.000749592
0.0184022	-0.000753406
0.0183831	-0.000755314
0.0183698	-0.000759128
0.0183622	-0.000747684
0.0183641	-0.000755314
0.0183545	-0.000745777
0.0183355	-0.000759128
0.0183278	-0.000753406
0.0183355	-0.000740055
0.0183145	-0.00077248
0.0183164	-0.000764851
0.0183202	-0.000761036
0.0183088	-0.000789646
0.0182992	-0.000780109
0.0182954	-0.000793461
0.0182973	-0.000791553
0.018303	-0.000778202
0.0182992	-0.000774387
0.0182878	-0.000789646
0.0182878	-0.000795368
0.0182859	-0.000787739
0.0182992	-0.000785831
0.0182992	-0.000785831
0.0182935	-0.000780109
0.0182954	-0.000783924
0.0183049	-0.000791553
0.0182992	-0.000804905
0.0182992	-0.000799183
0.018303	-0.000789646
0.0183069	-0.00080872
0.0183183	-0.00080872
0.0183259	-0.000793461
0.0183202	-0.000787739
0.0183259	-0.000797275
0.0183412	-0.000780109
0.0183507	-0.000780109
0.0183469	-0.000793461
0.0183545	-0.000789646
0.0183622	-0.000797275
0.0183793	-0.000782017
0.0183793	-0.000776295
0.0183851	-0.000780109
0.018406	-0.000780109
0.0184156	-0.000778202
0.0184194	-0.000776295
0.0184194	-0.000797275
0.0184327	-0.000778202
0.0184366	-0.000789646
0.0184613	-0.000780109
0.018469	-0.000753406
0.0184785	-0.000778202
0.0184804	-0.000793461
0.0184976	-0.000793461
0.0185128	-0.000787739
0.0185243	-0.000780109
0.0185376	-0.000783924
0.0185395	-0.000797275
0.0185453	-0.000806812
0.0185548	-0.000793461
0.0185701	-0.000793461
0.018593	-0.000785831
0.0186025	-0.000795368
0.0186044	-0.000782017
0.018633	-0.000783924
0.0186406	-0.000802997
0.0186559	-0.000799183
0.0186692	-0.000806812
0.0186692	-0.000793461
0.0186826	-0.000797275
0.018696	-0.000799183
0.0187169	-0.000789646
0.0187322	-0.000793461
0.018736	-0.000812534
0.0187494	-0.000799183
0.0187742	-0.000799183
0.0187722	-0.000806812
0.0187875	-0.000795368
0.0188123	-0.000799183
0.018818	-0.000810627
0.0188257	-0.000816349
0.0188409	-0.000816349
0.0188543	-0.000810627
0.018881	-0.000812534
0.0188943	-0.000810627
0.0189	-0.000825886
0.0189096	-0.000797275
0.0189325	-0.000822071
0.0189458	-0.000806812
0.018963	-0.000810627
0.0189725	-0.000806812
0.0189782	-0.000818256
0.0190049	-0.000802997
0.0190202	-0.000806812
0.0190259	-0.000795368
0.019045	-0.000823978
0.0190507	-0.000814442
0.0190717	-0.000820164
0.0190927	-0.000802997
0.0190927	-0.000799183
0.0191098	-0.000806812
0.0191175	-0.000831608
0.0191423	-0.000810627
0.0191594	-0.000814442
0.0191728	-0.000816349
0.0191785	-0.000825886
0.019188	-0.000820164
0.0192071	-0.000833515
0.0192243	-0.000814442
0.0192376	-0.000806812
0.019251	-0.000812534
0.0192567	-0.000825886
0.0192815	-0.000810627
0.0192891	-0.000814442
0.019312	-0.000831608
0.0193197	-0.000831608
0.0193235	-0.000818256
0.0193483	-0.000816349
0.0193578	-0.000822071
0.0193788	-0.000822071
0.0193902	-0.000820164
0.0194055	-0.0008297
0.0194112	-0.000831608
0.0194341	-0.000818256
0.0194379	-0.000833515
0.0194513	-0.000844959
0.019457	-0.000841144
0.0194761	-0.000831608
0.0194989	-0.000820164
0.0195085	-0.00083733
0.0195199	-0.000835422
0.0195256	-0.00083733
0.0195466	-0.000831608
0.0195638	-0.000848774
0.0195676	-0.000850681
0.0195791	-0.000833515
0.0196038	-0.000833515
0.0196019	-0.000848774
0.0196248	-0.000844959
0.0196382	-0.000835422
0.0196515	-0.000843052
0.0196553	-0.000858311
0.019663	-0.000858311
0.0196859	-0.000856403
0.0196973	-0.000860218
0.0197164	-0.000860218
0.0197202	-0.000873569
0.0197259	-0.000869755
0.0197469	-0.000856403
0.0197603	-0.000844959
0.0197793	-0.000846867
0.0197927	-0.000839237
0.0197889	-0.000858311
0.0198041	-0.000858311
0.0198213	-0.000871662
0.0198385	-0.000862125
0.0198404	-0.000871662
0.0198575	-0.000871662
0.0198709	-0.000854496
0.0198766	-0.000869755
0.0198842	-0.000877384
0.0198976	-0.000879291
0.0199224	-0.000862125
0.0199357	-0.000867847
0.0199453	-0.000867847
0.0199453	-0.000877384
0.0199567	-0.000881199
0.0199682	-0.000885013
0.0199929	-0.000877384
0.0200044	-0.000873569
0.020012	-0.000879291
0.0200235	-0.000877384
0.020033	-0.000877384
0.0200387	-0.000890736
0.0200559	-0.000885013
0.0200673	-0.000881199
0.0200826	-0.000879291
0.0200826	-0.000888828
0.020094	-0.000890736
0.020115	-0.000888828
0.0201284	-0.000879291
0.0201379	-0.000888828
0.0201398	-0.000900272
0.0201474	-0.000881199
0.0201665	-0.000888828
0.0201665	-0.000879291
0.0201608	-0.000890736
0.0201684	-0.000885013
0.0201608	-0.000898365
0.0201589	-0.000900272
0.0201608	-0.000885013
0.0201684	-0.00089455
0.0201741	-0.000896458
0.0201608	-0.000905994
0.0201608	-0.000904087
0.0201589	-0.000905994
0.0201722	-0.000892643
0.0201722	-0.000886921
0.0201741	-0.000898365
0.0201627	-0.000904087
0.0201665	-0.000907902
0.0201646	-0.000896458
0.0201741	-0.000875477
0.0201608	-0.000898365
0.0201741	-0.000904087
0.0201608	-0.000905994
0.0201703	-0.000888828
0.0201741	-0.00089455
0.0201703	-0.000886921
0.0201608	-0.000904087
0.0201627	-0.000892643
0.0201627	-0.000909809
0.020157	-0.000898365
0.0201665	-0.000886921
0.0201722	-0.000883106
0.0201684	-0.000892643
0.0201551	-0.00090218
0.0201646	-0.000898365
0.0201722	-0.000898365
0.0201741	-0.000886921
0.0201551	-0.000898365
0.0201684	-0.000905994
0.020157	-0.00090218
0.0201684	-0.00089455
0.0201646	-0.000900272
0.0201608	-0.000911716
0.0201551	-0.000896458
0.0201646	-0.00090218
0.020157	-0.000900272
0.0201722	-0.00089455
0.020157	-0.000909809
0.0201741	-0.000909809
