2.288830e-05 4.196190e-05 
5.149860e-05 7.057240e-05 
8.010910e-05 1.010900e-04 
1.125340e-04 1.354230e-04 
1.468670e-04 1.697550e-04 
1.831060e-04 2.040870e-04 
2.193460e-04 2.384200e-04 
2.555870e-04 2.746600e-04 
2.918260e-04 3.089920e-04 
3.299730e-04 3.471390e-04 
3.700270e-04 3.833790e-04 
4.081740e-04 4.196190e-04 
4.482290e-04 4.558580e-04 
4.882850e-04 4.940070e-04 
5.264320e-04 5.321540e-04 
5.645790e-04 5.703010e-04 
6.008190e-04 6.084480e-04 
6.370580e-04 6.485020e-04 
6.752050e-04 6.904640e-04 
7.114450e-04 7.305180e-04 
7.514990e-04 7.705730e-04 
7.858310e-04 8.125340e-04 
8.239780e-04 8.525890e-04 
8.602180e-04 8.945500e-04 
8.983650e-04 9.346050e-04 
9.365120e-04 9.746590e-04 
9.765700e-04 1.012810e-03 
1.016620e-03 1.052860e-03 
1.054770e-03 1.091010e-03 
1.094830e-03 1.127250e-03 
1.136790e-03 1.163490e-03 
1.178750e-03 1.199730e-03 
1.220710e-03 1.237880e-03 
1.262670e-03 1.274120e-03 
1.304630e-03 1.310360e-03 
1.344690e-03 1.346600e-03 
1.384740e-03 1.384740e-03 
1.424800e-03 1.424800e-03 
1.464850e-03 1.464850e-03 
1.504910e-03 1.504910e-03 
1.541150e-03 1.544960e-03 
1.579290e-03 1.586920e-03 
1.615530e-03 1.628880e-03 
1.653680e-03 1.670840e-03 
1.688010e-03 1.712810e-03 
1.726160e-03 1.754770e-03 
1.762400e-03 1.794820e-03 
1.800540e-03 1.834880e-03 
1.836780e-03 1.874930e-03 
1.876840e-03 1.913080e-03 
1.914990e-03 1.953140e-03 
1.955050e-03 1.989380e-03 
1.995100e-03 2.025620e-03 
2.037060e-03 2.061860e-03 
2.079020e-03 2.100010e-03 
2.119080e-03 2.136250e-03 
2.161040e-03 2.170580e-03 
2.199190e-03 2.206820e-03 
2.235430e-03 2.244960e-03 
2.277390e-03 2.285020e-03 
2.317440e-03 2.328890e-03 
2.351780e-03 2.367030e-03 
2.386110e-03 2.401370e-03 
2.418530e-03 2.439510e-03 
2.456680e-03 2.481480e-03 
2.494830e-03 2.521530e-03 
2.536790e-03 2.563490e-03 
2.580660e-03 2.601640e-03 
2.618800e-03 2.635970e-03 
2.653140e-03 2.666490e-03 
2.685560e-03 2.697010e-03 
2.719890e-03 2.733250e-03 
2.758040e-03 2.777110e-03 
2.800000e-03 2.822890e-03 
2.843870e-03 2.864850e-03 
2.889650e-03 2.908720e-03 
2.927800e-03 2.944960e-03 
2.960220e-03 2.975480e-03 
2.988830e-03 3.004090e-03 
3.015530e-03 3.032700e-03 
3.047960e-03 3.063220e-03 
3.084200e-03 3.101360e-03 
3.126160e-03 3.145230e-03 
3.171940e-03 3.194820e-03 
3.221530e-03 3.244410e-03 
3.269210e-03 3.290190e-03 
3.313080e-03 3.332150e-03 
3.351230e-03 3.366490e-03 
3.381740e-03 3.393190e-03 
3.406540e-03 3.414170e-03 
3.429430e-03 3.438960e-03 
3.450410e-03 3.463760e-03 
3.479020e-03 3.492370e-03 
3.511440e-03 3.530520e-03 
3.549590e-03 3.572480e-03 
3.597270e-03 3.622070e-03 
3.646870e-03 3.671660e-03 
3.696460e-03 3.723160e-03 
3.749860e-03 3.776570e-03 
3.803270e-03 3.828060e-03 
3.850950e-03 3.871930e-03 
3.892910e-03 3.906280e-03 
3.921540e-03 3.932980e-03 
3.946330e-03 3.953960e-03 
3.963500e-03 3.969220e-03 
3.974940e-03 3.984480e-03 
3.994020e-03 3.999740e-03 
4.013090e-03 4.022630e-03 
4.037890e-03 4.051240e-03 
4.066500e-03 4.083660e-03 
4.100830e-03 4.118000e-03 
4.140880e-03 4.161860e-03 
4.184750e-03 4.207640e-03 
4.232440e-03 4.259140e-03 
4.285840e-03 4.306820e-03 
4.337340e-03 4.365950e-03 
4.394560e-03 4.423170e-03 
4.451780e-03 4.482300e-03 
4.509000e-03 4.537610e-03 
4.564320e-03 4.589110e-03 
4.612000e-03 4.634890e-03 
4.655870e-03 4.673030e-03 
4.686390e-03 4.699740e-03 
4.711180e-03 4.718810e-03 
4.726440e-03 4.730250e-03 
4.734070e-03 4.737880e-03 
4.737880e-03 4.743610e-03 
4.741700e-03 4.747420e-03 
4.753140e-03 4.762680e-03 
4.764590e-03 4.774120e-03 
4.785570e-03 4.791290e-03 
4.806550e-03 4.821810e-03 
4.831340e-03 4.848510e-03 
4.865680e-03 4.880930e-03 
4.898100e-03 4.917170e-03 
4.936250e-03 4.957230e-03 
4.974400e-03 4.993470e-03 
5.016360e-03 5.039240e-03 
5.062130e-03 5.083110e-03 
5.107910e-03 5.134610e-03 
5.161320e-03 5.186110e-03 
5.210910e-03 5.241420e-03 
5.268130e-03 5.294830e-03 
5.325350e-03 5.353960e-03 
5.384470e-03 5.416900e-03 
5.447420e-03 5.477940e-03 
5.512270e-03 5.540880e-03 
5.571400e-03 5.603820e-03 
5.634340e-03 5.662950e-03 
5.691560e-03 5.716350e-03 
5.743060e-03 5.767850e-03 
5.785020e-03 5.804090e-03 
5.821260e-03 5.832700e-03 
5.844150e-03 5.851780e-03 
5.859400e-03 5.863220e-03 
5.867030e-03 5.865130e-03 
5.865130e-03 5.867030e-03 
5.867030e-03 5.861310e-03 
5.861310e-03 5.859400e-03 
5.861310e-03 5.859400e-03 
5.857500e-03 5.857500e-03 
5.861310e-03 5.859400e-03 
5.861310e-03 5.867030e-03 
5.872760e-03 5.880390e-03 
5.888020e-03 5.897550e-03 
5.905180e-03 5.914720e-03 
5.928070e-03 5.941420e-03 
5.952860e-03 5.968120e-03 
5.981480e-03 5.994830e-03 
6.008180e-03 6.027250e-03 
6.040600e-03 6.057770e-03 
6.074940e-03 6.092100e-03 
6.111170e-03 6.126430e-03 
6.147410e-03 6.164580e-03 
6.179840e-03 6.202730e-03 
6.219890e-03 6.237060e-03 
6.261860e-03 6.275210e-03 
6.298090e-03 6.315260e-03 
6.336240e-03 6.357220e-03 
6.378200e-03 6.401090e-03 
6.427790e-03 6.444960e-03 
6.465940e-03 6.492640e-03 
6.515530e-03 6.540330e-03 
6.567030e-03 6.588010e-03 
6.614710e-03 6.641420e-03 
6.671940e-03 6.698640e-03 
6.723430e-03 6.759670e-03 
6.788280e-03 6.818800e-03 
6.849320e-03 6.877930e-03 
6.908450e-03 6.942780e-03 
6.977110e-03 7.009540e-03 
7.043870e-03 7.076290e-03 
7.112530e-03 7.144960e-03 
7.181200e-03 7.219340e-03 
7.251770e-03 7.288010e-03 
7.322340e-03 7.352860e-03 
7.389100e-03 7.419620e-03 
7.452040e-03 7.482560e-03 
7.511170e-03 7.535960e-03 
7.558850e-03 7.577930e-03 
7.604630e-03 7.619890e-03 
7.631330e-03 7.650410e-03 
7.658030e-03 7.669480e-03 
7.679020e-03 7.684740e-03 
7.692370e-03 7.696180e-03 
7.698090e-03 7.701900e-03 
7.701900e-03 7.700000e-03 
7.705720e-03 7.705720e-03 
7.707630e-03 7.707630e-03 
7.698090e-03 7.696180e-03 
7.696180e-03 7.696180e-03 
7.688550e-03 7.682830e-03 
7.680920e-03 7.669480e-03 
7.663760e-03 7.658030e-03 
7.652310e-03 7.644680e-03 
7.631330e-03 7.625610e-03 
7.619890e-03 7.616070e-03 
7.616070e-03 7.606540e-03 
7.604630e-03 7.604630e-03 
7.600810e-03 7.600810e-03 
7.602720e-03 7.604630e-03 
7.608440e-03 7.614170e-03 
7.617980e-03 7.627520e-03 
7.633240e-03 7.635150e-03 
7.646590e-03 7.658030e-03 
7.667570e-03 7.677110e-03 
7.686640e-03 7.703810e-03 
7.715260e-03 7.728610e-03 
7.741960e-03 7.755310e-03 
7.768660e-03 7.785830e-03 
7.802990e-03 7.818280e-03 
7.835450e-03 7.852610e-03 
7.867870e-03 7.886950e-03 
7.904110e-03 7.921280e-03 
7.936540e-03 7.955610e-03 
7.974680e-03 7.988040e-03 
8.009020e-03 8.024280e-03 
8.039530e-03 8.062420e-03 
8.073870e-03 8.094850e-03 
8.108200e-03 8.131090e-03 
8.146350e-03 8.167330e-03 
8.180680e-03 8.197840e-03 
8.211200e-03 8.232180e-03 
8.245530e-03 8.264600e-03 
8.283670e-03 8.298930e-03 
8.312280e-03 8.327540e-03 
8.344710e-03 8.358060e-03 
8.377130e-03 8.390490e-03 
8.407650e-03 8.419100e-03 
8.436260e-03 8.453430e-03 
8.464870e-03 8.480130e-03 
8.495390e-03 8.510650e-03 
8.525910e-03 8.541170e-03 
8.560240e-03 8.575500e-03 
8.592670e-03 8.607920e-03 
8.623180e-03 8.642260e-03 
8.651790e-03 8.670870e-03 
8.686130e-03 8.703290e-03 
8.722360e-03 8.737620e-03 
8.754790e-03 8.779590e-03 
8.798660e-03 8.815820e-03 
8.834900e-03 8.857790e-03 
8.873050e-03 8.897840e-03 
8.918820e-03 8.934080e-03 
8.956970e-03 8.977950e-03 
9.004650e-03 9.031360e-03 
9.056150e-03 9.082850e-03 
9.105740e-03 9.126720e-03 
9.157240e-03 9.187760e-03 
9.212550e-03 9.243070e-03 
9.271680e-03 9.294570e-03 
9.332720e-03 9.357510e-03 
9.395660e-03 9.422360e-03 
9.462420e-03 9.492930e-03 
9.521540e-03 9.561600e-03 
9.601650e-03 9.635980e-03 
9.670320e-03 9.704650e-03 
9.742800e-03 9.782850e-03 
9.824810e-03 9.861050e-03 
9.904920e-03 9.941160e-03 
9.981220e-03 1.002130e-02 
1.006130e-02 1.010520e-02 
1.015100e-02 1.019100e-02 
1.022920e-02 1.027690e-02 
1.031120e-02 1.035310e-02 
1.039130e-02 1.043710e-02 
1.047140e-02 1.052100e-02 
1.055910e-02 1.059730e-02 
1.063160e-02 1.066400e-02 
1.070030e-02 1.072700e-02 
1.076320e-02 1.079950e-02 
1.082620e-02 1.085670e-02 
1.088150e-02 1.090820e-02 
1.092340e-02 1.095400e-02 
1.097300e-02 1.099400e-02 
1.100930e-02 1.102260e-02 
1.103790e-02 1.105510e-02 
1.106270e-02 1.106840e-02 
1.108750e-02 1.108560e-02 
1.109890e-02 1.110850e-02 
1.111420e-02 1.111040e-02 
1.111990e-02 1.112370e-02 
1.112370e-02 1.112940e-02 
1.112940e-02 1.113520e-02 
1.113330e-02 1.113710e-02 
1.113330e-02 1.113130e-02 
1.113710e-02 1.113520e-02 
1.113330e-02 1.113330e-02 
1.113710e-02 1.114280e-02 
1.113900e-02 1.114280e-02 
1.114280e-02 1.114280e-02 
1.114280e-02 1.114280e-02 
1.113900e-02 1.114090e-02 
1.113900e-02 1.113900e-02 
1.113520e-02 1.113710e-02 
1.113330e-02 1.113130e-02 
1.114280e-02 1.113520e-02 
1.113710e-02 1.113900e-02 
1.113330e-02 1.113520e-02 
1.113130e-02 1.112560e-02 
1.112560e-02 1.112180e-02 
1.111230e-02 1.110460e-02 
1.110270e-02 1.109890e-02 
1.108940e-02 1.107980e-02 
1.107030e-02 1.106460e-02 
1.105310e-02 1.104550e-02 
1.103980e-02 1.102640e-02 
1.101500e-02 1.099590e-02 
1.098450e-02 1.097490e-02 
1.095780e-02 1.094440e-02 
1.092920e-02 1.091200e-02 
1.090060e-02 1.088340e-02 
1.086810e-02 1.085480e-02 
1.084910e-02 1.083760e-02 
1.082040e-02 1.081090e-02 
1.080330e-02 1.079180e-02 
1.077850e-02 1.077470e-02 
1.076700e-02 1.075180e-02 
1.075180e-02 1.074610e-02 
1.073650e-02 1.073840e-02 
1.073840e-02 1.073650e-02 
1.073650e-02 1.073460e-02 
1.073080e-02 1.073460e-02 
1.074420e-02 1.074800e-02 
1.074800e-02 1.074990e-02 
1.076320e-02 1.077280e-02 
1.077660e-02 1.078420e-02 
1.079180e-02 1.080900e-02 
1.081280e-02 1.082240e-02 
1.084140e-02 1.084520e-02 
1.086240e-02 1.087770e-02 
1.088910e-02 1.090630e-02 
1.092150e-02 1.093110e-02 
1.094820e-02 1.097110e-02 
1.098450e-02 1.100360e-02 
1.101690e-02 1.103220e-02 
1.105120e-02 1.106840e-02 
1.108750e-02 1.111230e-02 
1.112940e-02 1.115230e-02 
1.116570e-02 1.118860e-02 
1.120190e-02 1.122860e-02 
1.125150e-02 1.126300e-02 
1.128770e-02 1.131250e-02 
1.133160e-02 1.135450e-02 
1.137360e-02 1.139650e-02 
1.141940e-02 1.144220e-02 
1.146130e-02 1.147850e-02 
1.150900e-02 1.153190e-02 
1.155290e-02 1.157770e-02 
1.159860e-02 1.161770e-02 
1.163680e-02 1.165780e-02 
1.169020e-02 1.170550e-02 
1.173030e-02 1.175310e-02 
1.177600e-02 1.180460e-02 
1.182180e-02 1.184280e-02 
1.186950e-02 1.189240e-02 
1.191910e-02 1.194390e-02 
1.196490e-02 1.199160e-02 
1.200490e-02 1.203730e-02 
1.206020e-02 1.208120e-02 
1.209650e-02 1.211940e-02 
1.214410e-02 1.216320e-02 
1.218800e-02 1.220900e-02 
1.223000e-02 1.225860e-02 
1.228150e-02 1.229860e-02 
1.232340e-02 1.234630e-02 
1.236730e-02 1.238830e-02 
1.241120e-02 1.243030e-02 
1.245120e-02 1.247220e-02 
1.248940e-02 1.251040e-02 
1.252940e-02 1.255040e-02 
1.256760e-02 1.258860e-02 
1.260760e-02 1.262480e-02 
1.264010e-02 1.265530e-02 
1.267440e-02 1.269920e-02 
1.271440e-02 1.272400e-02 
1.274110e-02 1.276790e-02 
1.277360e-02 1.279260e-02 
1.280600e-02 1.282130e-02 
1.284030e-02 1.285180e-02 
1.286700e-02 1.288800e-02 
1.289560e-02 1.290900e-02 
1.292430e-02 1.293570e-02 
1.295100e-02 1.296050e-02 
1.297770e-02 1.299290e-02 
1.300250e-02 1.301580e-02 
1.302150e-02 1.303110e-02 
1.304440e-02 1.306350e-02 
1.306350e-02 1.308450e-02 
1.309400e-02 1.310160e-02 
1.310160e-02 1.312260e-02 
1.313020e-02 1.313980e-02 
1.314360e-02 1.315310e-02 
1.316270e-02 1.316270e-02 
1.317600e-02 1.317980e-02 
1.318370e-02 1.319510e-02 
1.319890e-02 1.321230e-02 
1.321420e-02 1.321610e-02 
1.322750e-02 1.322940e-02 
1.322940e-02 1.324280e-02 
1.324090e-02 1.325040e-02 
1.325040e-02 1.326190e-02 
1.325610e-02 1.326950e-02 
1.327140e-02 1.327710e-02 
1.328280e-02 1.328470e-02 
1.328670e-02 1.329050e-02 
1.328860e-02 1.328670e-02 
1.328860e-02 1.329240e-02 
1.330190e-02 1.327330e-02 
1.329810e-02 1.330570e-02 
1.331340e-02 1.330760e-02 
1.330950e-02 1.331340e-02 
1.332100e-02 1.331720e-02 
1.332290e-02 1.332100e-02 
1.333050e-02 1.333240e-02 
1.333240e-02 1.333240e-02 
1.333810e-02 1.333050e-02 
1.334200e-02 1.334200e-02 
1.334770e-02 1.334580e-02 
1.335150e-02 1.335340e-02 
1.335720e-02 1.335910e-02 
1.336100e-02 1.335910e-02 
1.335720e-02 1.336100e-02 
1.336290e-02 1.337060e-02 
1.338010e-02 1.338200e-02 
1.338010e-02 1.338770e-02 
1.339540e-02 1.339350e-02 
1.340300e-02 1.339920e-02 
1.340680e-02 1.341630e-02 
1.341440e-02 1.342210e-02 
1.343160e-02 1.343730e-02 
1.343540e-02 1.344110e-02 
1.344690e-02 1.346400e-02 
1.346210e-02 1.347550e-02 
1.348310e-02 1.349260e-02 
1.349650e-02 1.350600e-02 
1.350980e-02 1.351360e-02 
1.353080e-02 1.353460e-02 
1.354030e-02 1.354800e-02 
1.356510e-02 1.357280e-02 
1.358610e-02 1.358610e-02 
1.359370e-02 1.360520e-02 
1.362230e-02 1.363570e-02 
1.364520e-02 1.365670e-02 
1.366240e-02 1.367770e-02 
1.367960e-02 1.369480e-02 
1.370440e-02 1.372340e-02 
1.373110e-02 1.374060e-02 
1.375970e-02 1.377300e-02 
1.378640e-02 1.379780e-02 
1.380930e-02 1.382070e-02 
1.383790e-02 1.384170e-02 
1.386650e-02 1.387790e-02 
1.388940e-02 1.390840e-02 
1.391610e-02 1.392750e-02 
1.394850e-02 1.395990e-02 
1.396950e-02 1.398660e-02 
1.399810e-02 1.401910e-02 
1.403050e-02 1.404770e-02 
1.406100e-02 1.408200e-02 
1.410110e-02 1.411060e-02 
1.413350e-02 1.414880e-02 
1.415640e-02 1.417550e-02 
1.419450e-02 1.420600e-02 
1.421930e-02 1.424600e-02 
1.426130e-02 1.427850e-02 
1.429370e-02 1.430330e-02 
1.432230e-02 1.433760e-02 
1.435100e-02 1.437190e-02 
1.439670e-02 1.441390e-02 
1.443110e-02 1.445010e-02 
1.446920e-02 1.447300e-02 
1.449970e-02 1.451500e-02 
1.452640e-02 1.454740e-02 
1.456460e-02 1.458940e-02 
1.460270e-02 1.462560e-02 
1.464280e-02 1.466760e-02 
1.468470e-02 1.469810e-02 
1.471530e-02 1.473620e-02 
1.475340e-02 1.477060e-02 
1.479540e-02 1.481630e-02 
1.483350e-02 1.484880e-02 
1.486590e-02 1.489650e-02 
1.491170e-02 1.493460e-02 
1.495750e-02 1.497270e-02 
1.499940e-02 1.501660e-02 
1.503570e-02 1.506050e-02 
1.507000e-02 1.510050e-02 
1.512530e-02 1.513110e-02 
1.516730e-02 1.517490e-02 
1.520740e-02 1.522260e-02 
1.525880e-02 1.526270e-02 
1.530460e-02 1.532560e-02 
1.534280e-02 1.536760e-02 
1.538470e-02 1.541140e-02 
1.543050e-02 1.546870e-02 
1.547820e-02 1.551060e-02 
1.553920e-02 1.556020e-02 
1.559260e-02 1.561930e-02 
1.564610e-02 1.566710e-02 
1.569950e-02 1.571860e-02 
1.575100e-02 1.577010e-02 
1.579870e-02 1.584450e-02 
1.585780e-02 1.588830e-02 
1.591120e-02 1.595510e-02 
1.597610e-02 1.600660e-02 
1.603900e-02 1.606760e-02 
1.610390e-02 1.613440e-02 
1.616490e-02 1.620690e-02 
1.623930e-02 1.626600e-02 
1.630220e-02 1.634420e-02 
1.637280e-02 1.640710e-02 
1.644530e-02 1.648150e-02 
1.651780e-02 1.656350e-02 
1.660170e-02 1.663030e-02 
1.667610e-02 1.671420e-02 
1.675430e-02 1.679620e-02 
1.683440e-02 1.687250e-02 
1.691640e-02 1.695260e-02 
1.699460e-02 1.703460e-02 
1.708040e-02 1.713190e-02 
1.717770e-02 1.722350e-02 
1.725590e-02 1.732080e-02 
1.734750e-02 1.740280e-02 
1.744280e-02 1.749050e-02 
1.753440e-02 1.758210e-02 
1.763550e-02 1.768890e-02 
1.774230e-02 1.777090e-02 
1.783000e-02 1.786430e-02 
1.792540e-02 1.797500e-02 
1.803600e-02 1.807800e-02 
1.812760e-02 1.818100e-02 
1.822100e-02 1.827060e-02 
1.832020e-02 1.836600e-02 
1.840980e-02 1.847280e-02 
1.851670e-02 1.856430e-02 
1.859870e-02 1.865780e-02 
1.869980e-02 1.874360e-02 
1.877800e-02 1.884090e-02 
1.888100e-02 1.892670e-02 
1.897060e-02 1.899540e-02 
1.903740e-02 1.907360e-02 
1.911560e-02 1.915180e-02 
1.919760e-02 1.922430e-02 
1.927390e-02 1.930630e-02 
1.933300e-02 1.936920e-02 
1.939210e-02 1.942070e-02 
1.946460e-02 1.948370e-02 
1.951990e-02 1.954090e-02 
1.956760e-02 1.959050e-02 
1.960770e-02 1.964200e-02 
1.966490e-02 1.967820e-02 
1.970300e-02 1.972020e-02 
1.972590e-02 1.974120e-02 
1.975830e-02 1.977740e-02 
1.979460e-02 1.981170e-02 
1.982700e-02 1.984040e-02 
1.985180e-02 1.985750e-02 
1.987280e-02 1.988040e-02 
1.988420e-02 1.988420e-02 
1.989570e-02 1.990520e-02 
1.991670e-02 1.992620e-02 
1.993190e-02 1.992430e-02 
1.992620e-02 1.993570e-02 
1.995100e-02 1.995100e-02 
1.994530e-02 1.995860e-02 
1.996430e-02 1.995100e-02 
1.995860e-02 1.996820e-02 
1.997200e-02 1.996620e-02 
1.997580e-02 1.996240e-02 
1.996240e-02 1.996430e-02 
1.996820e-02 1.997770e-02 
1.998150e-02 1.997960e-02 
1.998150e-02 1.997200e-02 
1.997010e-02 1.996820e-02 
1.997960e-02 1.998530e-02 
1.998340e-02 1.998340e-02 
1.997770e-02 1.998530e-02 
1.998340e-02 1.997770e-02 
1.997010e-02 1.997390e-02 
1.998530e-02 1.997770e-02 
1.998150e-02 1.998530e-02 
1.998530e-02 1.998150e-02 
1.998150e-02 1.997580e-02 
1.997200e-02 1.997390e-02 
1.997010e-02 1.997010e-02 
1.997010e-02 1.997960e-02 
1.998530e-02 1.998340e-02 
1.997580e-02 1.998150e-02 
1.997200e-02 1.997010e-02 
1.997390e-02 1.997010e-02 
1.997010e-02 1.997200e-02 
1.997580e-02 1.997960e-02 
1.998530e-02 1.998340e-02 
1.997390e-02 1.997390e-02 
1.996820e-02 1.995100e-02 
1.996240e-02 1.997390e-02 
1.998340e-02 1.997010e-02 
1.998150e-02 1.998530e-02 
1.996430e-02 1.996620e-02 
1.996620e-02 1.996820e-02 
1.996820e-02 1.997770e-02 
1.997390e-02 1.997580e-02 
1.998150e-02 1.997770e-02 
1.998340e-02 1.997200e-02 
1.997770e-02 1.996820e-02 
1.997200e-02 1.996820e-02 
1.996820e-02 1.997200e-02 
1.998340e-02 1.997580e-02 
1.997390e-02 1.996820e-02 
1.997770e-02 1.997770e-02 
1.998340e-02 1.998150e-02 
1.998150e-02 1.996820e-02 
1.997200e-02 1.998340e-02 
1.998340e-02 1.998530e-02 
1.997770e-02 1.998340e-02 
1.998340e-02 1.997960e-02 
1.997010e-02 1.997010e-02 
1.998150e-02 1.997010e-02 
1.997200e-02 1.997390e-02 
1.998340e-02 1.997010e-02 
1.998150e-02 1.998530e-02 
1.996820e-02 1.997770e-02 
1.997960e-02 1.996820e-02 
1.997580e-02 1.997580e-02 
1.997010e-02 1.998150e-02 
1.998340e-02 1.997010e-02 
1.997390e-02 1.997770e-02 
1.997390e-02 1.997960e-02 
1.996820e-02 1.996620e-02 
1.997960e-02 1.997580e-02 
1.997580e-02 1.997580e-02 
1.997580e-02 1.997770e-02 
1.997010e-02 1.997390e-02 
1.996430e-02 1.995670e-02 
1.995670e-02 1.995100e-02 
1.995480e-02 1.995100e-02 
1.995290e-02 1.995290e-02 
1.995100e-02 1.994340e-02 
1.993570e-02 1.993380e-02 
1.992430e-02 1.992050e-02 
1.991280e-02 1.992050e-02 
1.992240e-02 1.990520e-02 
1.991670e-02 1.991280e-02 
1.990900e-02 1.988800e-02 
1.988610e-02 1.989950e-02 
1.989950e-02 1.989950e-02 
1.989000e-02 1.988800e-02 
1.989000e-02 1.989760e-02 
1.989760e-02 1.990140e-02 
1.989950e-02 1.990330e-02 
1.990140e-02 1.989380e-02 
1.990330e-02 1.990140e-02 
1.989190e-02 1.989190e-02 
1.989000e-02 1.988800e-02 
1.990140e-02 1.990330e-02 
1.990710e-02 1.990520e-02 
1.989760e-02 1.990710e-02 
1.989760e-02 1.989760e-02 
1.990900e-02 1.991090e-02 
1.990520e-02 1.989760e-02 
1.991090e-02 1.991280e-02 
1.990900e-02 1.991280e-02 
1.990900e-02 1.989380e-02 
1.989190e-02 1.989190e-02 
1.990710e-02 1.990140e-02 
1.990140e-02 1.989000e-02 
1.989760e-02 1.989760e-02 
1.989380e-02 1.990330e-02 
1.990900e-02 1.991090e-02 
1.991090e-02 1.989950e-02 
1.989950e-02 1.989950e-02 
1.991090e-02 1.991280e-02 
1.991860e-02 1.991470e-02 
1.991860e-02 1.991670e-02 
1.991470e-02 1.991090e-02 
1.991280e-02 1.990330e-02 
1.990710e-02 1.991090e-02 
1.991090e-02 1.990710e-02 
1.990900e-02 1.991090e-02 
1.990140e-02 1.991670e-02 
1.992240e-02 1.991670e-02 
1.992240e-02 1.990900e-02 
1.992050e-02 1.991090e-02 
1.991470e-02 1.992620e-02 
1.992430e-02 1.992240e-02 
1.992620e-02 1.992050e-02 
1.992430e-02 1.992430e-02 
1.992430e-02 1.993380e-02 
1.993950e-02 1.994140e-02 
1.992810e-02 1.993380e-02 
1.994140e-02 1.992810e-02 
1.993000e-02 1.993760e-02 
1.993190e-02 1.993950e-02 
1.993570e-02 1.993570e-02 
1.993760e-02 1.994140e-02 
1.995290e-02 1.995480e-02 
1.995670e-02 1.994720e-02 
1.994720e-02 1.994720e-02 
1.994720e-02 1.996050e-02 
1.996430e-02 1.995100e-02 
1.996430e-02 1.995290e-02 
1.995100e-02 1.995480e-02 
1.995100e-02 1.996050e-02 
1.996430e-02 1.996050e-02 
1.995100e-02 1.996430e-02 
1.996430e-02 1.996240e-02 
1.995290e-02 1.995860e-02 
1.995480e-02 1.996430e-02 
1.995100e-02 1.995480e-02 
1.995100e-02 1.996240e-02 
1.996620e-02 1.996620e-02 
1.996430e-02 1.995290e-02 
1.996240e-02 1.996620e-02 
1.995860e-02 1.995480e-02 
1.995480e-02 1.996820e-02 
1.996820e-02 1.997010e-02 
1.996430e-02 1.995480e-02 
1.995480e-02 1.995860e-02 
1.996430e-02 1.996430e-02 
1.995670e-02 1.997200e-02 
1.997200e-02 1.996430e-02 
1.995670e-02 1.995480e-02 
1.996050e-02 1.996240e-02 
1.996620e-02 1.996430e-02 
1.996820e-02 1.995860e-02 
1.996430e-02 1.995480e-02 
1.996050e-02 1.997010e-02 
1.997010e-02 1.996050e-02 
1.995480e-02 1.997010e-02 
1.995290e-02 1.996820e-02 
1.996430e-02 1.995290e-02 
1.995860e-02 1.996430e-02 
1.996240e-02 1.996620e-02 
1.996240e-02 1.996430e-02 
1.997010e-02 1.996240e-02 
1.995860e-02 1.995860e-02 
1.997010e-02 0 
0 0 
0 0 
1.907360e-06 1.907360e-06 
1.907360e-06 1.907360e-06 
3.814730e-06 3.814730e-06 
3.814730e-06 5.722080e-06 
5.722080e-06 5.722080e-06 
5.722080e-06 7.629450e-06 
7.629450e-06 7.629450e-06 
7.629450e-06 7.629450e-06 
9.536800e-06 9.536800e-06 
9.536800e-06 9.536800e-06 
1.144420e-05 1.144420e-05 
1.144420e-05 1.144420e-05 
1.144420e-05 1.144420e-05 
1.144420e-05 1.335150e-05 
1.335150e-05 1.335150e-05 
1.335150e-05 1.525890e-05 
1.525890e-05 1.525890e-05 
1.716630e-05 1.525890e-05 
1.716630e-05 1.716630e-05 
1.907360e-05 1.716630e-05 
1.907360e-05 1.907360e-05 
1.907360e-05 1.907360e-05 
2.098100e-05 2.098100e-05 
2.098100e-05 2.098100e-05 
2.288830e-05 2.288830e-05 
2.288830e-05 2.479560e-05 
2.479560e-05 2.288830e-05 
2.479560e-05 2.479560e-05 
2.479560e-05 2.479560e-05 
2.479560e-05 2.479560e-05 
2.670300e-05 2.670300e-05 
2.670300e-05 2.670300e-05 
2.670300e-05 2.670300e-05 
2.861030e-05 2.861030e-05 
2.861030e-05 3.051780e-05 
3.051780e-05 3.051780e-05 
3.242520e-05 3.242520e-05 
3.242520e-05 3.433250e-05 
3.242520e-05 3.433250e-05 
3.433250e-05 3.433250e-05 
3.433250e-05 3.623990e-05 
3.623990e-05 3.623990e-05 
3.623990e-05 3.623990e-05 
3.814720e-05 3.814720e-05 
3.814720e-05 3.814720e-05 
4.005460e-05 4.005460e-05 
4.005460e-05 4.005460e-05 
4.005460e-05 4.005460e-05 
4.196190e-05 4.005460e-05 
4.196190e-05 4.386930e-05 
4.386930e-05 4.386930e-05 
4.386930e-05 4.196190e-05 
4.577660e-05 4.386930e-05 
4.577660e-05 4.577660e-05 
4.577660e-05 4.768390e-05 
4.959130e-05 4.768390e-05 
4.959130e-05 5.149860e-05 
4.959130e-05 5.149860e-05 
5.149860e-05 4.959130e-05 
5.149860e-05 5.149860e-05 
5.149860e-05 5.149860e-05 
5.149860e-05 5.149860e-05 
5.340600e-05 5.149860e-05 
5.531330e-05 5.340600e-05 
5.340600e-05 5.531330e-05 
5.531330e-05 5.722070e-05 
5.722070e-05 5.531330e-05 
5.722070e-05 5.722070e-05 
5.531330e-05 5.722070e-05 
5.722070e-05 5.912800e-05 
5.912800e-05 5.912800e-05 
6.103560e-05 6.294300e-05 
6.103560e-05 6.294300e-05 
6.103560e-05 6.294300e-05 
6.485030e-05 6.103560e-05 
6.485030e-05 6.485030e-05 
6.294300e-05 6.485030e-05 
6.485030e-05 6.485030e-05 
6.485030e-05 6.485030e-05 
6.485030e-05 6.485030e-05 
6.485030e-05 6.485030e-05 
6.485030e-05 6.485030e-05 
6.485030e-05 6.866500e-05 
6.675770e-05 6.675770e-05 
6.675770e-05 7.057240e-05 
6.675770e-05 6.866500e-05 
7.057240e-05 7.057240e-05 
6.675770e-05 7.057240e-05 
7.057240e-05 7.057240e-05 
7.247970e-05 6.866500e-05 
7.057240e-05 7.247970e-05 
7.247970e-05 7.057240e-05 
7.057240e-05 7.247970e-05 
7.247970e-05 7.629440e-05 
7.629440e-05 7.247970e-05 
7.438710e-05 7.629440e-05 
7.438710e-05 7.629440e-05 
7.438710e-05 7.629440e-05 
7.820180e-05 7.438710e-05 
7.820180e-05 8.010910e-05 
7.629440e-05 7.820180e-05 
7.820180e-05 8.010910e-05 
7.820180e-05 7.820180e-05 
7.820180e-05 7.820180e-05 
7.629440e-05 7.820180e-05 
7.629440e-05 8.010910e-05 
7.820180e-05 7.629440e-05 
8.010910e-05 7.820180e-05 
7.629440e-05 7.820180e-05 
7.820180e-05 7.820180e-05 
7.820180e-05 7.820180e-05 
8.010910e-05 8.010910e-05 
7.820180e-05 8.201650e-05 
8.201650e-05 8.201650e-05 
8.201650e-05 8.201650e-05 
8.583120e-05 8.392380e-05 
8.773850e-05 8.583120e-05 
8.583120e-05 8.964590e-05 
8.964590e-05 8.773850e-05 
8.773850e-05 8.773850e-05 
8.773850e-05 8.392380e-05 
8.583120e-05 8.773850e-05 
8.773850e-05 8.964590e-05 
8.964590e-05 8.201650e-05 
8.583120e-05 8.392380e-05 
8.010910e-05 8.392380e-05 
8.201650e-05 8.392380e-05 
8.201650e-05 8.583120e-05 
8.201650e-05 8.201650e-05 
8.773850e-05 8.010910e-05 
8.201650e-05 8.392380e-05 
8.201650e-05 8.201650e-05 
8.583120e-05 8.010910e-05 
8.583120e-05 8.010910e-05 
8.583120e-05 8.392380e-05 
8.392380e-05 8.201650e-05 
8.201650e-05 8.010910e-05 
8.010910e-05 8.583120e-05 
8.583120e-05 8.392380e-05 
8.773850e-05 8.392380e-05 
8.392380e-05 9.155320e-05 
8.010910e-05 8.392380e-05 
8.773850e-05 8.773850e-05 
8.392380e-05 8.583120e-05 
8.583120e-05 8.583120e-05 
8.583120e-05 9.155320e-05 
9.155320e-05 9.155320e-05 
9.155320e-05 9.155320e-05 
9.155320e-05 8.964590e-05 
9.155320e-05 9.155320e-05 
9.346050e-05 9.346050e-05 
9.346050e-05 9.155320e-05 
9.155320e-05 9.346050e-05 
9.155320e-05 9.155320e-05 
9.155320e-05 8.964590e-05 
8.964590e-05 9.155320e-05 
8.964590e-05 9.346050e-05 
9.155320e-05 8.964590e-05 
8.773850e-05 9.155320e-05 
8.773850e-05 8.773850e-05 
8.773850e-05 8.583120e-05 
8.964590e-05 8.583120e-05 
8.964590e-05 8.964590e-05 
8.964590e-05 8.773850e-05 
8.964590e-05 9.155320e-05 
8.964590e-05 9.155320e-05 
8.964590e-05 8.773850e-05 
8.964590e-05 8.964590e-05 
8.583120e-05 8.583120e-05 
8.583120e-05 8.583120e-05 
8.392380e-05 8.773850e-05 
8.964590e-05 8.773850e-05 
8.583120e-05 8.964590e-05 
8.392380e-05 9.155320e-05 
8.392380e-05 8.583120e-05 
8.773850e-05 8.583120e-05 
8.583120e-05 8.583120e-05 
8.773850e-05 9.155320e-05 
8.964590e-05 8.583120e-05 
8.583120e-05 9.155320e-05 
9.155320e-05 8.964590e-05 
8.964590e-05 8.583120e-05 
8.773850e-05 8.773850e-05 
8.583120e-05 8.392380e-05 
9.155320e-05 9.155320e-05 
9.155320e-05 8.773850e-05 
8.773850e-05 9.155320e-05 
9.155320e-05 8.583120e-05 
8.964590e-05 9.155320e-05 
8.964590e-05 8.773850e-05 
8.964590e-05 8.583120e-05 
9.155320e-05 9.536790e-05 
9.155320e-05 9.155320e-05 
9.155320e-05 9.155320e-05 
8.964590e-05 8.773850e-05 
9.536790e-05 9.346050e-05 
9.155320e-05 9.536790e-05 
8.964590e-05 9.346050e-05 
9.346050e-05 8.964590e-05 
9.155320e-05 8.773850e-05 
9.346050e-05 8.964590e-05 
9.155320e-05 9.155320e-05 
9.346050e-05 9.155320e-05 
9.155320e-05 8.773850e-05 
8.392380e-05 9.155320e-05 
8.201650e-05 8.964590e-05 
8.964590e-05 8.583120e-05 
8.010910e-05 8.583120e-05 
8.392380e-05 8.201650e-05 
8.201650e-05 8.392380e-05 
7.629440e-05 8.201650e-05 
8.010910e-05 8.392380e-05 
7.820180e-05 7.820180e-05 
7.438710e-05 7.629440e-05 
7.438710e-05 8.392380e-05 
7.629440e-05 7.438710e-05 
7.438710e-05 7.438710e-05 
6.485030e-05 6.866500e-05 
7.057240e-05 7.247970e-05 
6.675770e-05 6.675770e-05 
6.866500e-05 6.866500e-05 
6.866500e-05 6.866500e-05 
6.866500e-05 6.485030e-05 
6.675770e-05 6.485030e-05 
6.485030e-05 6.485030e-05 
6.485030e-05 6.485030e-05 
6.485030e-05 6.675770e-05 
6.485030e-05 5.912800e-05 
5.912800e-05 6.103560e-05 
5.340600e-05 5.149860e-05 
5.149860e-05 6.294300e-05 
5.912800e-05 5.340600e-05 
5.722070e-05 6.103560e-05 
5.149860e-05 4.959130e-05 
5.149860e-05 5.149860e-05 
4.768390e-05 4.959130e-05 
4.577660e-05 4.768390e-05 
5.149860e-05 5.149860e-05 
5.340600e-05 4.577660e-05 
5.149860e-05 4.577660e-05 
4.577660e-05 4.196190e-05 
4.196190e-05 4.577660e-05 
4.577660e-05 4.005460e-05 
4.196190e-05 4.005460e-05 
4.005460e-05 3.814720e-05 
3.623990e-05 3.814720e-05 
3.814720e-05 3.814720e-05 
3.623990e-05 3.814720e-05 
3.242520e-05 3.242520e-05 
3.242520e-05 3.433250e-05 
2.670300e-05 3.242520e-05 
2.861030e-05 3.051780e-05 
2.670300e-05 2.861030e-05 
3.242520e-05 2.098100e-05 
1.907360e-05 2.479560e-05 
2.098100e-05 2.479560e-05 
2.288830e-05 2.861030e-05 
2.861030e-05 1.907360e-05 
2.288830e-05 2.288830e-05 
2.098100e-05 1.525890e-05 
2.288830e-05 1.907360e-05 
1.144420e-05 1.144420e-05 
7.629450e-06 1.335150e-05 
1.335150e-05 1.335150e-05 
2.098100e-05 1.716630e-05 
1.144420e-05 3.814730e-06 
0 1.907360e-06 
5.722080e-06 9.536800e-06 
1.907360e-06 5.722080e-06 
0 0 
-5.722080e-06 5.722080e-06 
0 0 
0 5.722080e-06 
0 -1.335150e-05 
-1.907360e-05 -1.144420e-05 
-9.536800e-06 -5.722080e-06 
-5.722080e-06 -7.629450e-06 
-1.525890e-05 -2.479560e-05 
-9.536800e-06 -1.907360e-05 
-1.716630e-05 -1.716630e-05 
-1.716630e-05 -2.098100e-05 
-1.716630e-05 -2.479560e-05 
-2.288830e-05 -2.479560e-05 
-2.670300e-05 -2.861030e-05 
-1.716630e-05 -1.907360e-05 
-2.098100e-05 -1.907360e-05 
-2.098100e-05 -2.861030e-05 
-2.479560e-05 -3.814730e-06 
-1.907360e-06 3.814730e-06 
0 -5.722080e-06 
3.814730e-06 -9.536800e-06 
0 -5.722080e-06 
5.722080e-06 9.536800e-06 
-9.536800e-06 -3.814730e-06 
7.629450e-06 0 
-3.814730e-06 0 
-3.814730e-06 1.144420e-05 
-1.907360e-06 -1.144420e-05 
-2.861030e-05 -2.670300e-05 
-3.051780e-05 -3.814720e-05 
-3.623990e-05 -3.433250e-05 
-1.716630e-05 -1.525890e-05 
-1.716630e-05 -7.629450e-06 
-9.536800e-06 -2.479560e-05 
-3.433250e-05 -2.098100e-05 
-2.288830e-05 -2.670300e-05 
-3.051780e-05 -2.479560e-05 
-2.670300e-05 -2.288830e-05 
-2.670300e-05 -3.623990e-05 
-3.433250e-05 -3.433250e-05 
-3.242520e-05 -3.242520e-05 
-3.051780e-05 -3.623990e-05 
-3.814720e-05 -4.005460e-05 
-3.814720e-05 -3.433250e-05 
-4.577660e-05 -3.814720e-05 
-3.242520e-05 -4.577660e-05 
-4.196190e-05 -3.242520e-05 
-6.675770e-05 -6.485030e-05 
-7.057240e-05 -5.722070e-05 
-7.438710e-05 5.722080e-06 
-4.005460e-05 -5.340600e-05 
-6.294300e-05 -4.768390e-05 
-4.386930e-05 -5.340600e-05 
-4.959130e-05 -4.577660e-05 
-4.959130e-05 -5.340600e-05 
-4.959130e-05 -5.912800e-05 
-5.722070e-05 -5.340600e-05 
-5.531330e-05 -7.820180e-05 
-8.392380e-05 -8.964590e-05 
-8.964590e-05 -9.918260e-05 
-1.010900e-04 -9.536790e-05 
-9.155320e-05 -9.536790e-05 
-8.010910e-05 -9.155320e-05 
-8.201650e-05 -9.155320e-05 
-8.773850e-05 -9.346050e-05 
-9.918260e-05 -9.346050e-05 
-1.010900e-04 -1.087190e-04 
-1.029970e-04 -9.727520e-05 
-1.029970e-04 -1.087190e-04 
-1.125340e-04 -1.163490e-04 
-1.087190e-04 -1.049050e-04 
-1.125340e-04 -1.029970e-04 
-1.163490e-04 -1.163490e-04 
-1.201630e-04 -1.220710e-04 
-1.182560e-04 -1.144410e-04 
-1.106270e-04 -1.220710e-04 
-1.182560e-04 -1.201630e-04 
-1.335150e-04 -1.277930e-04 
-1.144410e-04 -1.163490e-04 
-1.163490e-04 -1.201630e-04 
-1.258860e-04 -1.335150e-04 
-1.354230e-04 -1.239790e-04 
-1.239790e-04 -1.258860e-04 
-1.354230e-04 -1.335150e-04 
-1.201630e-04 -1.125340e-04 
-1.239790e-04 -1.297010e-04 
-1.106270e-04 -9.346050e-05 
-1.010900e-04 -9.155320e-05 
-9.536790e-05 -1.068120e-04 
-1.068120e-04 -1.068120e-04 
-1.144410e-04 -1.029970e-04 
-1.010900e-04 -1.068120e-04 
-1.029970e-04 -1.068120e-04 
-1.029970e-04 -1.087190e-04 
-9.918260e-05 -1.010900e-04 
-1.068120e-04 -1.049050e-04 
-1.010900e-04 -9.727520e-05 
-1.068120e-04 -1.087190e-04 
-1.049050e-04 -1.010900e-04 
-1.068120e-04 -1.106270e-04 
-1.106270e-04 -1.125340e-04 
-1.068120e-04 -1.182560e-04 
-1.068120e-04 -1.087190e-04 
-1.068120e-04 -1.201630e-04 
-1.144410e-04 -1.125340e-04 
-1.106270e-04 -1.182560e-04 
-1.144410e-04 -1.163490e-04 
-1.163490e-04 -1.297010e-04 
-1.239790e-04 -1.182560e-04 
-1.239790e-04 -1.220710e-04 
-1.258860e-04 -1.316080e-04 
-1.239790e-04 -1.316080e-04 
-1.220710e-04 -1.297010e-04 
-1.411450e-04 -1.659400e-04 
-1.659400e-04 -1.621260e-04 
-1.678480e-04 -1.659400e-04 
-1.850140e-04 -1.716620e-04 
-1.735700e-04 -1.735700e-04 
-1.659400e-04 -1.850140e-04 
-1.792920e-04 -1.697550e-04 
-1.602180e-04 -1.544960e-04 
-1.468670e-04 -1.487740e-04 
-1.430520e-04 -1.583110e-04 
-1.602180e-04 -1.506810e-04 
-1.468670e-04 -1.430520e-04 
-1.392370e-04 -1.449590e-04 
-1.544960e-04 -1.506810e-04 
-1.602180e-04 -1.735700e-04 
-1.697550e-04 -1.640330e-04 
-1.697550e-04 -1.697550e-04 
-1.716620e-04 -1.678480e-04 
-1.754770e-04 -1.716620e-04 
-1.602180e-04 -1.659400e-04 
-1.850140e-04 -1.735700e-04 
-1.888280e-04 -1.811990e-04 
-1.811990e-04 -1.907360e-04 
-1.811990e-04 -1.716620e-04 
-1.754770e-04 -1.983650e-04 
-1.907360e-04 -1.869210e-04 
-1.869210e-04 -1.907360e-04 
-1.831060e-04 -1.926430e-04 
-2.002730e-04 -1.907360e-04 
-1.983650e-04 -2.021800e-04 
-2.231610e-04 -2.212530e-04 
-2.250680e-04 -2.441420e-04 
-2.403270e-04 -2.384200e-04 
-2.479570e-04 -2.441420e-04 
-2.307900e-04 -2.326970e-04 
-2.326970e-04 -2.307900e-04 
-2.307900e-04 -2.384200e-04 
-2.517720e-04 -2.479570e-04 
-2.403270e-04 -2.517720e-04 
-2.460500e-04 -2.441420e-04 
-2.479570e-04 -2.498650e-04 
-2.536790e-04 -2.594010e-04 
-2.765670e-04 -2.689380e-04 
-1.945500e-04 -2.365120e-04 
-2.632160e-04 -2.689380e-04 
-2.651230e-04 -2.613090e-04 
-2.727530e-04 -2.765670e-04 
-2.880120e-04 -2.594010e-04 
-2.880120e-04 -2.918260e-04 
-2.918260e-04 -2.994560e-04 
-3.051780e-04 -3.032700e-04 
-2.746600e-04 -2.460500e-04 
-2.651230e-04 -2.708450e-04 
-2.689380e-04 -2.765670e-04 
-2.689380e-04 -2.670310e-04 
-2.670310e-04 -2.841970e-04 
-2.918260e-04 -2.899190e-04 
-2.803820e-04 -2.708450e-04 
-2.765670e-04 -2.727530e-04 
-2.746600e-04 -2.822890e-04 
-2.822890e-04 -2.822890e-04 
-2.937340e-04 -3.013630e-04 
-3.051780e-04 -3.032700e-04 
-3.070850e-04 -3.070850e-04 
-3.089920e-04 -3.070850e-04 
-3.089920e-04 -3.109000e-04 
-3.051780e-04 -2.918260e-04 
-2.880120e-04 -2.594010e-04 
-2.670310e-04 -2.765670e-04 
-2.746600e-04 -2.918260e-04 
-2.841970e-04 -2.689380e-04 
-2.746600e-04 -2.765670e-04 
-2.918260e-04 -2.861040e-04 
-2.899190e-04 -2.765670e-04 
-2.918260e-04 -2.841970e-04 
-3.032700e-04 -3.109000e-04 
-3.051780e-04 -3.032700e-04 
-2.956410e-04 -2.994560e-04 
-2.956410e-04 -2.918260e-04 
-2.918260e-04 -2.994560e-04 
-2.956410e-04 -2.994560e-04 
-2.861040e-04 -2.975480e-04 
-3.013630e-04 -2.937340e-04 
-2.918260e-04 -3.337880e-04 
-3.452320e-04 -3.490470e-04 
-3.700270e-04 -3.643050e-04 
-3.051780e-04 -2.651230e-04 
-2.708450e-04 -2.727530e-04 
-2.651230e-04 -2.689380e-04 
-2.651230e-04 -2.651230e-04 
-2.708450e-04 -2.746600e-04 
-2.708450e-04 -2.746600e-04 
-2.803820e-04 -2.956410e-04 
-2.765670e-04 -2.803820e-04 
-2.708450e-04 -2.746600e-04 
-2.861040e-04 -2.918260e-04 
-2.899190e-04 -2.899190e-04 
-2.918260e-04 -2.918260e-04 
-3.032700e-04 -3.032700e-04 
-2.956410e-04 -2.937340e-04 
-3.185290e-04 -3.109000e-04 
-3.051780e-04 -3.051780e-04 
-3.204360e-04 -3.204360e-04 
-3.013630e-04 -3.185290e-04 
-3.128070e-04 -3.089920e-04 
-2.956410e-04 -3.032700e-04 
-3.223440e-04 -3.166220e-04 
-3.147140e-04 -3.318810e-04 
-3.280660e-04 -3.299730e-04 
-3.166220e-04 -3.337880e-04 
-3.299730e-04 -3.185290e-04 
-3.280660e-04 -3.204360e-04 
-3.414170e-04 -3.490470e-04 
-3.395100e-04 -3.528610e-04 
-3.471390e-04 -3.337880e-04 
-3.356950e-04 -3.433250e-04 
-3.395100e-04 -3.452320e-04 
-3.585830e-04 -3.566760e-04 
-3.643050e-04 -3.528610e-04 
-3.719350e-04 -3.490470e-04 
-3.585830e-04 -3.738420e-04 
-3.719350e-04 -3.795640e-04 
-3.891010e-04 -3.910080e-04 
-3.871940e-04 -3.929160e-04 
-3.833790e-04 -3.967300e-04 
-3.833790e-04 -3.871940e-04 
-3.852860e-04 -3.719350e-04 
-3.776570e-04 -3.776570e-04 
-3.757500e-04 -3.891010e-04 
-3.910080e-04 -3.833790e-04 
-3.891010e-04 -3.871940e-04 
-4.062670e-04 -3.967300e-04 
-4.100820e-04 -3.948230e-04 
-4.043600e-04 -4.062670e-04 
-4.119890e-04 -4.177110e-04 
-4.253410e-04 -4.253410e-04 
-4.329700e-04 -4.329700e-04 
-4.196190e-04 -4.215260e-04 
-4.291550e-04 -4.329700e-04 
-4.158040e-04 -4.081740e-04 
-4.253410e-04 -4.196190e-04 
-4.329700e-04 -4.348770e-04 
-4.425070e-04 -4.310630e-04 
-4.386920e-04 -4.425070e-04 
-4.634880e-04 -4.730240e-04 
-4.444140e-04 -4.501360e-04 
-4.520430e-04 -4.501360e-04 
-4.539510e-04 -4.634880e-04 
-4.615800e-04 -4.539510e-04 
-4.558580e-04 -4.653950e-04 
-4.634880e-04 -4.520430e-04 
-4.444140e-04 -4.653950e-04 
-4.787460e-04 -4.711170e-04 
-4.863760e-04 -4.825610e-04 
-5.188030e-04 -5.645790e-04 
-5.645790e-04 -5.683940e-04 
-5.779300e-04 -5.950960e-04 
-5.855600e-04 -5.989110e-04 
-5.989110e-04 -5.950960e-04 
-5.912820e-04 -6.027260e-04 
-5.970040e-04 -5.950960e-04 
-5.931890e-04 -5.893740e-04 
-6.008190e-04 -6.198920e-04 
-6.217990e-04 -6.332430e-04 
-6.275210e-04 -6.217990e-04 
-6.217990e-04 -6.275210e-04 
-6.141700e-04 -6.370580e-04 
-6.408730e-04 -6.427800e-04 
-6.504100e-04 -6.675760e-04 
-6.847420e-04 -6.752050e-04 
-6.618540e-04 -6.542240e-04 
-6.523170e-04 -6.580390e-04 
-6.732980e-04 -6.790200e-04 
-6.656680e-04 -6.732980e-04 
-6.656680e-04 -6.732980e-04 
-6.904640e-04 -7.000010e-04 
-6.866490e-04 -6.885570e-04 
-6.866490e-04 -6.809270e-04 
-6.771120e-04 -6.732980e-04 
-6.942790e-04 -6.961860e-04 
-6.980930e-04 -7.095370e-04 
-7.038150e-04 -6.847420e-04 
-6.980930e-04 -6.885570e-04 
-6.866490e-04 -7.133520e-04 
-7.000010e-04 -7.000010e-04 
-6.961860e-04 -7.095370e-04 
-7.000010e-04 -7.209820e-04 
-7.095370e-04 -7.038150e-04 
-7.209820e-04 -7.057230e-04 
-7.171670e-04 -7.057230e-04 
-7.095370e-04 -7.019080e-04 
-7.000010e-04 -7.057230e-04 
-7.400550e-04 -7.190740e-04 
-7.286110e-04 -7.286110e-04 
-7.286110e-04 -7.267040e-04 
-6.923710e-04 -7.000010e-04 
-7.019080e-04 -7.095370e-04 
-7.267040e-04 -7.209820e-04 
-7.305180e-04 -7.190740e-04 
-7.286110e-04 -7.343330e-04 
-7.076300e-04 -7.171670e-04 
-7.343330e-04 -7.381480e-04 
-7.267040e-04 -7.228890e-04 
-7.114450e-04 -7.171670e-04 
-7.267040e-04 -7.286110e-04 
-7.419620e-04 -7.362400e-04 
-7.381480e-04 -7.267040e-04 
-7.286110e-04 -7.152590e-04 
-7.438700e-04 -7.419620e-04 
-7.400550e-04 -7.228890e-04 
-7.209820e-04 -7.362400e-04 
-7.114450e-04 -7.267040e-04 
-6.942790e-04 -7.896460e-04 
-7.190740e-04 -7.457770e-04 
-7.400550e-04 -7.209820e-04 
-7.495920e-04 -7.457770e-04 
-7.152590e-04 -7.247960e-04 
-7.190740e-04 -7.305180e-04 
-7.400550e-04 -7.305180e-04 
-7.381480e-04 -7.476840e-04 
-7.343330e-04 -7.362400e-04 
-7.400550e-04 -7.534060e-04 
-7.514990e-04 -7.419620e-04 
-7.553140e-04 -7.343330e-04 
-7.381480e-04 -7.324260e-04 
-7.400550e-04 -7.438700e-04 
-7.400550e-04 -7.247960e-04 
-7.457770e-04 -7.267040e-04 
-7.228890e-04 -7.324260e-04 
-7.381480e-04 -7.343330e-04 
-7.019080e-04 -7.267040e-04 
-7.324260e-04 -7.343330e-04 
-7.400550e-04 -7.247960e-04 
-7.209820e-04 -7.267040e-04 
-7.381480e-04 -7.572210e-04 
-7.667580e-04 -7.724800e-04 
-7.686650e-04 -7.553140e-04 
-7.591280e-04 -7.534060e-04 
-7.457770e-04 -7.514990e-04 
-7.705730e-04 -7.534060e-04 
-7.667580e-04 -7.667580e-04 
-7.667580e-04 -7.667580e-04 
-7.476840e-04 -7.610360e-04 
-7.591280e-04 -7.553140e-04 
-7.476840e-04 -7.648510e-04 
-7.762950e-04 -7.667580e-04 
-7.820170e-04 -7.762950e-04 
-7.686650e-04 -7.858310e-04 
-7.801090e-04 -7.724800e-04 
-7.610360e-04 -7.686650e-04 
-7.610360e-04 -7.553140e-04 
-7.762950e-04 -7.705730e-04 
-7.743870e-04 -7.514990e-04 
-7.724800e-04 -7.801090e-04 
-7.591280e-04 -7.686650e-04 
-7.915530e-04 -7.705730e-04 
-7.743870e-04 -7.820170e-04 
-7.801090e-04 -7.610360e-04 
-7.667580e-04 -7.572210e-04 
-7.553140e-04 -7.686650e-04 
-7.572210e-04 -7.553140e-04 
-7.877390e-04 -7.801090e-04 
-7.743870e-04 -7.743870e-04 
-7.591280e-04 -7.667580e-04 
-7.724800e-04 -7.610360e-04 
-7.686650e-04 -7.553140e-04 
-7.762950e-04 -7.667580e-04 
-7.514990e-04 -7.820170e-04 
-7.667580e-04 -7.553140e-04 
-7.667580e-04 -7.514990e-04 
-7.839240e-04 -7.572210e-04 
-7.820170e-04 -7.724800e-04 
-7.724800e-04 -7.839240e-04 
-7.782020e-04 -7.801090e-04 
-7.915530e-04 -7.953680e-04 
-7.858310e-04 -7.839240e-04 
-7.610360e-04 -7.572210e-04 
-7.801090e-04 -7.667580e-04 
-7.629430e-04 -7.572210e-04 
-7.667580e-04 -7.724800e-04 
-7.514990e-04 -7.514990e-04 
-7.534060e-04 -7.686650e-04 
-7.629430e-04 -7.686650e-04 
-7.724800e-04 -7.724800e-04 
-7.762950e-04 -7.667580e-04 
-7.667580e-04 -7.629430e-04 
-7.724800e-04 -7.782020e-04 
-7.705730e-04 -7.801090e-04 
-7.782020e-04 -7.896460e-04 
-7.801090e-04 -7.915530e-04 
-7.743870e-04 -7.762950e-04 
-7.667580e-04 -7.610360e-04 
-7.801090e-04 -7.743870e-04 
-7.686650e-04 -7.667580e-04 
-7.667580e-04 -7.629430e-04 
-7.553140e-04 -7.534060e-04 
-7.553140e-04 -7.724800e-04 
-7.648510e-04 -7.705730e-04 
-7.762950e-04 -7.858310e-04 
-7.801090e-04 -7.667580e-04 
-7.629430e-04 -7.667580e-04 
-7.724800e-04 -7.686650e-04 
-7.705730e-04 -7.762950e-04 
-7.534060e-04 -7.667580e-04 
-7.934610e-04 -7.801090e-04 
-7.934610e-04 -7.934610e-04 
-7.858310e-04 -7.629430e-04 
-7.553140e-04 -7.801090e-04 
-7.724800e-04 -7.858310e-04 
-7.629430e-04 -7.686650e-04 
-7.629430e-04 -7.667580e-04 
-7.762950e-04 -7.667580e-04 
-7.762950e-04 -7.686650e-04 
-7.953680e-04 -7.801090e-04 
-7.915530e-04 -8.163490e-04 
-8.125340e-04 -8.029970e-04 
-8.087200e-04 -8.106270e-04 
-8.087200e-04 -7.934610e-04 
-8.125340e-04 -8.201640e-04 
-8.125340e-04 -8.220710e-04 
-8.182560e-04 -8.049050e-04 
-8.087200e-04 -8.125340e-04 
-8.220710e-04 -8.163490e-04 
-8.029970e-04 -8.125340e-04 
-7.953680e-04 -8.087200e-04 
-8.182560e-04 -8.201640e-04 
-8.239780e-04 -8.316080e-04 
-8.220710e-04 -7.991830e-04 
-8.201640e-04 -8.029970e-04 
-8.068120e-04 -8.106270e-04 
-8.220710e-04 -8.010900e-04 
-8.087200e-04 -8.163490e-04 
-8.258860e-04 -8.125340e-04 
-8.201640e-04 -8.163490e-04 
-8.144420e-04 -7.915530e-04 
-7.972750e-04 -8.029970e-04 
-7.972750e-04 -8.182560e-04 
-7.801090e-04 -7.858310e-04 
-7.991830e-04 -7.934610e-04 
-7.972750e-04 -8.087200e-04 
-7.991830e-04 -7.972750e-04 
-7.972750e-04 -8.068120e-04 
-8.010900e-04 -7.877390e-04 
-7.839240e-04 -8.029970e-04 
-8.144420e-04 -8.087200e-04 
-8.201640e-04 -8.010900e-04 
-8.029970e-04 -7.991830e-04 
-8.125340e-04 -8.144420e-04 
-8.163490e-04 -8.201640e-04 
-8.163490e-04 -8.182560e-04 
-7.991830e-04 -7.934610e-04 
-8.068120e-04 -8.201640e-04 
-8.297000e-04 -8.163490e-04 
-8.010900e-04 -7.972750e-04 
-8.068120e-04 -8.125340e-04 
-8.068120e-04 -8.182560e-04 
-8.106270e-04 -8.125340e-04 
-8.144420e-04 -8.010900e-04 
-7.991830e-04 -7.953680e-04 
-8.087200e-04 -7.991830e-04 
-8.258860e-04 -8.182560e-04 
-8.163490e-04 -8.201640e-04 
-7.934610e-04 -7.991830e-04 
-7.972750e-04 -8.068120e-04 
-7.896460e-04 -8.087200e-04 
-7.991830e-04 -8.010900e-04 
-8.144420e-04 -7.991830e-04 
-8.068120e-04 -8.029970e-04 
-7.934610e-04 -7.934610e-04 
-7.934610e-04 -7.686650e-04 
-7.839240e-04 -7.858310e-04 
-7.820170e-04 -7.915530e-04 
