1.616490e-04 1.637940e-04 
1.647480e-04 1.671320e-04 
1.676090e-04 1.690400e-04 
1.697550e-04 1.716620e-04 
1.721390e-04 1.721390e-04 
1.738080e-04 1.740460e-04 
1.733310e-04 1.740460e-04 
1.742850e-04 1.740460e-04 
1.733310e-04 1.738080e-04 
1.728540e-04 1.726160e-04 
1.723780e-04 1.721390e-04 
1.716620e-04 1.709470e-04 
1.709470e-04 1.711850e-04 
1.704700e-04 1.709470e-04 
1.699930e-04 1.692780e-04 
1.690400e-04 1.683240e-04 
1.683240e-04 1.673710e-04 
1.676090e-04 1.671320e-04 
1.661790e-04 1.659400e-04 
1.654630e-04 1.649870e-04 
1.640330e-04 1.637940e-04 
1.635560e-04 1.626020e-04 
1.626020e-04 1.616490e-04 
1.614100e-04 1.604570e-04 
1.602180e-04 1.597410e-04 
1.597410e-04 1.590260e-04 
1.578340e-04 1.575960e-04 
1.573570e-04 1.559270e-04 
1.566420e-04 1.554500e-04 
1.552110e-04 1.537810e-04 
1.533040e-04 1.533040e-04 
1.521120e-04 1.525890e-04 
1.516350e-04 1.504430e-04 
1.502050e-04 1.502050e-04 
1.487740e-04 1.485360e-04 
1.475820e-04 1.478200e-04 
1.459130e-04 1.466280e-04 
1.456750e-04 1.451980e-04 
1.437670e-04 1.440060e-04 
1.432900e-04 1.432900e-04 
1.418600e-04 1.420980e-04 
1.413830e-04 1.404290e-04 
1.397140e-04 1.404290e-04 
1.394760e-04 1.387610e-04 
1.375680e-04 1.380450e-04 
1.375680e-04 1.370920e-04 
1.361380e-04 1.356610e-04 
1.356610e-04 1.351840e-04 
1.342310e-04 1.344690e-04 
1.344690e-04 1.325620e-04 
1.323230e-04 1.318460e-04 
1.318460e-04 1.311310e-04 
1.306540e-04 1.311310e-04 
1.323230e-04 1.306540e-04 
1.308930e-04 1.299390e-04 
1.282700e-04 1.273160e-04 
1.280320e-04 1.273160e-04 
1.294620e-04 1.289850e-04 
1.306540e-04 1.308930e-04 
1.297010e-04 1.289850e-04 
1.273160e-04 1.258860e-04 
1.246940e-04 1.242170e-04 
1.242170e-04 1.261240e-04 
1.275550e-04 1.289850e-04 
1.311310e-04 1.306540e-04 
1.318460e-04 1.297010e-04 
1.294620e-04 1.256480e-04 
1.237400e-04 1.213560e-04 
1.208790e-04 1.199250e-04 
1.211170e-04 1.227860e-04 
1.256480e-04 1.280320e-04 
1.316080e-04 1.342310e-04 
1.363760e-04 1.370920e-04 
1.366150e-04 1.354230e-04 
1.323230e-04 1.285090e-04 
1.249320e-04 1.215940e-04 
1.184940e-04 1.163490e-04 
1.156330e-04 1.161100e-04 
1.187330e-04 1.223100e-04 
1.254090e-04 1.311310e-04 
1.361380e-04 1.399530e-04 
1.440060e-04 1.480590e-04 
1.499660e-04 1.504430e-04 
1.487740e-04 1.478200e-04 
1.440060e-04 1.399530e-04 
1.344690e-04 1.289850e-04 
1.227860e-04 1.180180e-04 
1.142030e-04 1.120570e-04 
1.103880e-04 1.101500e-04 
1.120570e-04 1.161100e-04 
1.208790e-04 1.261240e-04 
1.339920e-04 1.411450e-04 
1.471050e-04 1.552110e-04 
1.616490e-04 1.668940e-04 
1.716620e-04 1.742850e-04 
1.771460e-04 1.761920e-04 
1.759540e-04 1.730930e-04 
1.688010e-04 1.640330e-04 
1.575960e-04 1.511580e-04 
1.428140e-04 1.347070e-04 
1.273160e-04 1.206400e-04 
1.134880e-04 1.072890e-04 
1.029970e-04 1.001360e-04 
9.989790e-05 9.989790e-05 
1.025200e-04 1.077660e-04 
1.132490e-04 1.206400e-04 
1.289850e-04 1.397140e-04 
1.482970e-04 1.590260e-04 
1.680860e-04 1.788150e-04 
1.871600e-04 1.964580e-04 
2.040870e-04 2.105250e-04 
2.162470e-04 2.205380e-04 
2.250680e-04 2.274520e-04 
2.279290e-04 2.279290e-04 
2.274520e-04 2.238760e-04 
2.203000e-04 2.143390e-04 
2.079020e-04 2.002730e-04 
1.926430e-04 1.814370e-04 
1.719010e-04 1.604570e-04 
1.497280e-04 1.387610e-04 
1.280320e-04 1.184940e-04 
1.082430e-04 1.001360e-04 
9.393740e-05 8.845380e-05 
8.392380e-05 8.177800e-05 
8.130120e-05 8.130120e-05 
8.559270e-05 9.083790e-05 
9.751370e-05 1.051430e-04 
1.156330e-04 1.266010e-04 
1.387610e-04 1.511580e-04 
1.635560e-04 1.764310e-04 
1.897820e-04 2.024180e-04 
2.150540e-04 2.264990e-04 
2.386580e-04 2.501030e-04 
2.608320e-04 2.703690e-04 
2.806210e-04 2.887270e-04 
2.963560e-04 3.030320e-04 
3.094690e-04 3.137610e-04 
3.182910e-04 3.228210e-04 
3.254430e-04 3.266350e-04 
3.275890e-04 3.285430e-04 
3.278270e-04 3.259200e-04 
3.235360e-04 3.194830e-04 
3.151910e-04 3.082770e-04 
3.027930e-04 2.951640e-04 
2.865810e-04 2.760910e-04 
2.653620e-04 2.543940e-04 
2.405650e-04 2.276910e-04 
2.150540e-04 2.002730e-04 
1.847750e-04 1.709470e-04 
1.554500e-04 1.411450e-04 
1.277930e-04 1.151570e-04 
1.029970e-04 9.226850e-05 
8.249330e-05 7.438710e-05 
6.699610e-05 6.151250e-05 
5.793590e-05 5.459810e-05 
5.316760e-05 5.364440e-05 
5.483650e-05 5.817440e-05 
6.270460e-05 6.961870e-05 
7.963230e-05 8.964590e-05 
1.008520e-04 1.149180e-04 
1.294620e-04 1.437670e-04 
1.587880e-04 1.747620e-04 
1.893050e-04 2.062330e-04 
2.219690e-04 2.388960e-04 
2.546330e-04 2.706070e-04 
2.861040e-04 3.011250e-04 
3.168600e-04 3.316420e-04 
3.449940e-04 3.583450e-04 
3.719350e-04 3.838560e-04 
3.953000e-04 4.065060e-04 
4.179500e-04 4.265330e-04 
4.360690e-04 4.456060e-04 
4.539510e-04 4.606270e-04 
4.680180e-04 4.756470e-04 
4.820840e-04 4.882850e-04 
4.932920e-04 4.985370e-04 
5.037820e-04 5.071200e-04 
5.118880e-04 5.154650e-04 
5.183260e-04 5.211870e-04 
5.245250e-04 5.271470e-04 
5.285780e-04 5.295310e-04 
5.307230e-04 5.323920e-04 
5.321540e-04 5.314390e-04 
5.307230e-04 5.297700e-04 
5.271470e-04 5.242860e-04 
5.221400e-04 5.180870e-04 
5.128420e-04 5.083120e-04 
5.016360e-04 4.937690e-04 
4.866140e-04 4.777930e-04 
4.677790e-04 4.577660e-04 
4.460830e-04 4.339240e-04 
4.208110e-04 4.062670e-04 
3.914850e-04 3.762260e-04 
3.592990e-04 3.421330e-04 
3.232970e-04 3.051780e-04 
2.865810e-04 2.667920e-04 
2.470040e-04 2.281680e-04 
2.086170e-04 1.902590e-04 
1.716620e-04 1.544960e-04 
1.361380e-04 1.211170e-04 
1.063350e-04 9.393740e-05 
8.201650e-05 7.128760e-05 
6.151250e-05 5.292920e-05 
4.744550e-05 4.148510e-05 
3.695510e-05 3.290200e-05 
2.884880e-05 2.646460e-05 
2.479560e-05 2.360360e-05 
2.193460e-05 2.241150e-05 
2.264990e-05 2.288830e-05 
2.431880e-05 2.741830e-05 
3.147150e-05 3.671670e-05 
4.315400e-05 5.197550e-05 
6.055860e-05 7.224130e-05 
8.344700e-05 9.727520e-05 
1.118190e-04 1.275550e-04 
1.447210e-04 1.621260e-04 
1.795300e-04 1.976500e-04 
2.174390e-04 2.369890e-04 
2.567790e-04 2.775210e-04 
2.973100e-04 3.170990e-04 
3.376030e-04 3.576300e-04 
3.798030e-04 4.007830e-04 
4.215260e-04 4.417910e-04 
4.627720e-04 4.827990e-04 
5.018750e-04 5.197560e-04 
5.395450e-04 5.564730e-04 
5.731620e-04 5.903280e-04 
6.063020e-04 6.217990e-04 
6.358660e-04 6.501710e-04 
6.635230e-04 6.766360e-04 
6.890330e-04 7.007160e-04 
7.119220e-04 7.221740e-04 
7.314720e-04 7.422010e-04 
7.503070e-04 7.591280e-04 
7.667580e-04 7.743870e-04 
7.820170e-04 7.879770e-04 
7.946530e-04 8.006130e-04 
8.070510e-04 8.118190e-04 
8.173030e-04 8.223090e-04 
8.273160e-04 8.313690e-04 
8.356610e-04 8.406680e-04 
8.435290e-04 8.482970e-04 
8.521120e-04 8.566420e-04 
8.587870e-04 8.628410e-04 
8.668940e-04 8.711850e-04 
8.742850e-04 8.780990e-04 
8.809600e-04 8.850130e-04 
8.897820e-04 8.924040e-04 
8.969340e-04 9.002720e-04 
9.040870e-04 9.088550e-04 
9.129080e-04 9.167230e-04 
9.207760e-04 9.257830e-04 
9.303130e-04 9.346050e-04 
9.396110e-04 9.441410e-04 
9.491480e-04 9.532010e-04 
9.574930e-04 9.632150e-04 
9.672680e-04 9.722750e-04 
9.765700e-04 9.813380e-04 
9.865840e-04 9.906370e-04 
9.949280e-04 9.999350e-04 
1.004230e-03 1.007800e-03 
1.012090e-03 1.016150e-03 
1.019490e-03 1.021630e-03 
1.025450e-03 1.028310e-03 
1.030930e-03 1.032600e-03 
1.034510e-03 1.036410e-03 
1.037130e-03 1.037130e-03 
1.038080e-03 1.038320e-03 
1.037130e-03 1.036170e-03 
1.033310e-03 1.030930e-03 
1.028310e-03 1.025450e-03 
1.020920e-03 1.016620e-03 
1.009950e-03 1.004700e-03 
9.977890e-04 9.887290e-04 
9.811000e-04 9.717980e-04 
9.610690e-04 9.505790e-04 
9.388960e-04 9.255450e-04 
9.117160e-04 8.976500e-04 
8.814370e-04 8.666550e-04 
8.490120e-04 8.313690e-04 
8.118190e-04 7.929840e-04 
7.717650e-04 7.510220e-04 
7.298030e-04 7.071530e-04 
6.828350e-04 6.582770e-04 
6.353890e-04 6.101170e-04 
5.855600e-04 5.593340e-04 
5.331080e-04 5.059280e-04 
4.804150e-04 4.546660e-04 
4.293940e-04 4.026910e-04 
3.781340e-04 3.533380e-04 
3.292580e-04 3.035090e-04 
2.806210e-04 2.584480e-04 
2.365120e-04 2.155310e-04 
1.959810e-04 1.776230e-04 
1.597410e-04 1.435290e-04 
1.282700e-04 1.144410e-04 
1.003750e-04 8.893060e-05 
7.796330e-05 6.866500e-05 
5.936650e-05 5.078340e-05 
4.434610e-05 3.790880e-05 
3.242520e-05 2.861030e-05 
2.431880e-05 2.026570e-05 
1.716630e-05 1.478200e-05 
1.358990e-05 1.168260e-05 
9.536800e-06 8.344710e-06 
7.152590e-06 6.198910e-06 
5.722080e-06 5.245240e-06 
5.483660e-06 4.291560e-06 
3.814730e-06 4.529980e-06 
3.814730e-06 4.291560e-06 
3.576290e-06 3.814730e-06 
3.814730e-06 3.099460e-06 
3.337870e-06 3.337870e-06 
2.861040e-06 3.337870e-06 
3.099460e-06 4.291560e-06 
4.053140e-06 4.291560e-06 
5.960490e-06 6.675750e-06 
6.675750e-06 9.059960e-06 
9.536800e-06 1.263620e-05 
1.406680e-05 1.668940e-05 
2.026570e-05 2.551090e-05 
2.980240e-05 3.528620e-05 
4.196190e-05 4.887600e-05 
5.674390e-05 6.628080e-05 
7.629440e-05 8.726170e-05 
9.894420e-05 1.127720e-04 
1.268400e-04 1.413830e-04 
1.583110e-04 1.752390e-04 
1.933580e-04 2.131470e-04 
2.324590e-04 2.534410e-04 
2.744220e-04 2.973100e-04 
3.206750e-04 3.445170e-04 
3.695510e-04 3.943460e-04 
4.212870e-04 4.475140e-04 
4.749320e-04 5.006830e-04 
5.285780e-04 5.574260e-04 
5.846060e-04 6.139320e-04 
6.425420e-04 6.704370e-04 
6.990470e-04 7.281340e-04 
7.557910e-04 7.839240e-04 
8.118190e-04 8.404290e-04 
8.680860e-04 8.952650e-04 
9.236370e-04 9.505790e-04 
9.760890e-04 1.002320e-03 
1.028550e-03 1.052630e-03 
1.076710e-03 1.100790e-03 
1.123910e-03 1.146800e-03 
1.170640e-03 1.191390e-03 
1.212130e-03 1.231920e-03 
1.251940e-03 1.271490e-03 
1.289610e-03 1.306540e-03 
1.325140e-03 1.341110e-03 
1.357800e-03 1.373540e-03 
1.388320e-03 1.403100e-03 
1.417410e-03 1.430280e-03 
1.444110e-03 1.456510e-03 
1.467470e-03 1.479630e-03 
1.489410e-03 1.499420e-03 
1.508720e-03 1.518500e-03 
1.526360e-03 1.535420e-03 
1.543770e-03 1.550440e-03 
1.557830e-03 1.563080e-03 
1.570470e-03 1.576670e-03 
1.580480e-03 1.585970e-03 
1.590260e-03 1.594550e-03 
1.597890e-03 1.601470e-03 
1.605280e-03 1.606470e-03 
1.609570e-03 1.611480e-03 
1.612910e-03 1.614820e-03 
1.614820e-03 1.616490e-03 
1.615290e-03 1.614820e-03 
1.615290e-03 1.615290e-03 
1.613620e-03 1.611240e-03 
1.610290e-03 1.610050e-03 
1.607430e-03 1.603850e-03 
1.602180e-03 1.598840e-03 
1.596700e-03 1.593600e-03 
1.590260e-03 1.586210e-03 
1.583350e-03 1.578580e-03 
1.575240e-03 1.570470e-03 
1.564270e-03 1.560220e-03 
1.555930e-03 1.549490e-03 
1.546630e-03 1.540430e-03 
1.534470e-03 1.529460e-03 
1.522790e-03 1.517780e-03 
1.512300e-03 1.506100e-03 
1.500380e-03 1.495130e-03 
1.488690e-03 1.481780e-03 
1.476060e-03 1.470100e-03 
1.464140e-03 1.457700e-03 
1.451260e-03 1.445300e-03 
1.437430e-03 1.431710e-03 
1.425750e-03 1.420270e-03 
1.411920e-03 1.406680e-03 
1.400240e-03 1.394280e-03 
1.388080e-03 1.382120e-03 
1.376160e-03 1.370440e-03 
1.364480e-03 1.358280e-03 
1.353030e-03 1.348260e-03 
1.343020e-03 1.338010e-03 
1.333240e-03 1.328950e-03 
1.322280e-03 1.318460e-03 
1.313460e-03 1.309640e-03 
1.305350e-03 1.301770e-03 
1.297960e-03 1.292950e-03 
1.290090e-03 1.287230e-03 
1.282940e-03 1.280320e-03 
1.276740e-03 1.274830e-03 
1.272690e-03 1.269110e-03 
1.267920e-03 1.266730e-03 
1.264100e-03 1.262670e-03 
1.261480e-03 1.259810e-03 
1.259100e-03 1.258620e-03 
1.258140e-03 1.259100e-03 
1.258140e-03 1.259570e-03 
1.260530e-03 1.260050e-03 
1.262670e-03 1.262910e-03 
1.265060e-03 1.266250e-03 
1.267920e-03 1.271260e-03 
1.274120e-03 1.275790e-03 
1.278880e-03 1.281030e-03 
1.286510e-03 1.288420e-03 
1.293190e-03 1.296770e-03 
1.301770e-03 1.306780e-03 
1.311790e-03 1.317750e-03 
1.323230e-03 1.329190e-03 
1.334910e-03 1.342300e-03 
1.348740e-03 1.354460e-03 
1.361620e-03 1.362570e-03 
1.379970e-03 1.387130e-03 
1.394760e-03 1.403100e-03 
1.409060e-03 1.417410e-03 
1.427180e-03 1.435760e-03 
1.443630e-03 1.452930e-03 
1.463420e-03 1.472240e-03 
1.482490e-03 1.492980e-03 
1.502760e-03 1.511820e-03 
1.523500e-03 1.533750e-03 
1.544240e-03 1.554740e-03 
1.566890e-03 1.578580e-03 
1.589540e-03 1.600270e-03 
1.612670e-03 1.622920e-03 
1.635320e-03 1.646760e-03 
1.660120e-03 1.671800e-03 
1.685630e-03 1.697070e-03 
1.709470e-03 1.721870e-03 
1.734500e-03 1.747140e-03 
1.761440e-03 1.772890e-03 
1.785290e-03 1.799110e-03 
1.811510e-03 1.823670e-03 
1.837020e-03 1.850370e-03 
1.861580e-03 1.874450e-03 
1.887570e-03 1.902110e-03 
1.912840e-03 1.926910e-03 
1.940260e-03 1.951940e-03 
1.965540e-03 1.977220e-03 
1.988900e-03 2.001060e-03 
2.014410e-03 2.026570e-03 
2.038260e-03 2.050180e-03 
2.063530e-03 2.074730e-03 
2.087610e-03 2.097140e-03 
2.109780e-03 2.121940e-03 
2.134810e-03 2.145540e-03 
2.156990e-03 2.167960e-03 
2.178450e-03 2.190600e-03 
2.200620e-03 2.212060e-03 
2.221120e-03 2.233040e-03 
2.244250e-03 2.252590e-03 
2.264280e-03 2.274290e-03 
2.285260e-03 2.293840e-03 
2.303380e-03 2.312910e-03 
2.322930e-03 2.331990e-03 
2.342240e-03 2.349150e-03 
2.358690e-03 2.368230e-03 
2.375620e-03 2.384920e-03 
2.392780e-03 2.400170e-03 
2.408040e-03 2.418290e-03 
2.425450e-03 2.433550e-03 
2.439750e-03 2.449290e-03 
2.455960e-03 2.463120e-03 
2.470750e-03 2.475750e-03 
2.484570e-03 2.489580e-03 
2.496500e-03 2.502930e-03 
2.510320e-03 2.517240e-03 
2.523680e-03 2.528920e-03 
2.534400e-03 2.541560e-03 
2.547280e-03 2.553950e-03 
2.558480e-03 2.563970e-03 
2.569690e-03 2.575890e-03 
2.581130e-03 2.586140e-03 
2.590430e-03 2.595680e-03 
2.600920e-03 2.607120e-03 
2.609510e-03 2.614990e-03 
2.621190e-03 2.624770e-03 
2.629060e-03 2.632390e-03 
2.638120e-03 2.640740e-03 
2.644550e-03 2.649080e-03 
2.653140e-03 2.657670e-03 
2.661480e-03 2.661720e-03 
2.666730e-03 2.670060e-03 
2.673880e-03 2.676260e-03 
2.677460e-03 2.680550e-03 
2.681750e-03 2.685560e-03 
2.686990e-03 2.691520e-03 
2.691280e-03 2.694380e-03 
2.695580e-03 2.697010e-03 
2.700340e-03 2.701060e-03 
2.701060e-03 2.703200e-03 
2.705110e-03 2.704400e-03 
2.706300e-03 2.704160e-03 
2.706070e-03 2.704400e-03 
2.705110e-03 2.705110e-03 
2.705110e-03 2.705110e-03 
2.702970e-03 2.702490e-03 
2.701060e-03 2.698200e-03 
2.696050e-03 2.695810e-03 
2.692710e-03 2.688660e-03 
2.688660e-03 2.685080e-03 
2.683180e-03 2.678890e-03 
2.675070e-03 2.670300e-03 
2.667200e-03 2.661720e-03 
2.657430e-03 2.650510e-03 
2.645750e-03 2.640260e-03 
2.635020e-03 2.626430e-03 
2.620240e-03 2.614040e-03 
2.605450e-03 2.596390e-03 
2.588530e-03 2.580180e-03 
2.570410e-03 2.562060e-03 
2.549660e-03 2.543230e-03 
2.529400e-03 2.517950e-03 
2.504600e-03 2.495300e-03 
2.478610e-03 2.467410e-03 
2.452150e-03 2.439040e-03 
2.423780e-03 2.407800e-03 
2.391590e-03 2.373470e-03 
2.359410e-03 2.340810e-03 
2.325310e-03 2.304810e-03 
2.284780e-03 2.263560e-03 
2.244730e-03 2.222080e-03 
2.201570e-03 2.181070e-03 
2.157940e-03 2.135290e-03 
2.110500e-03 2.087130e-03 
2.061380e-03 2.031580e-03 
2.013220e-03 1.977940e-03 
1.956720e-03 1.926190e-03 
1.899250e-03 1.870400e-03 
1.838930e-03 1.811990e-03 
1.776460e-03 1.752860e-03 
1.714240e-03 1.690870e-03 
1.651770e-03 1.623160e-03 
1.585490e-03 1.554260e-03 
1.520160e-03 1.486070e-03 
1.452220e-03 1.416210e-03 
1.383070e-03 1.347310e-03 
1.315120e-03 1.275790e-03 
1.244310e-03 1.205450e-03 
1.174460e-03 1.134640e-03 
1.104600e-03 1.066690e-03 
1.033790e-03 9.970740e-04 
9.629760e-04 9.286440e-04 
8.945500e-04 8.637940e-04 
8.297000e-04 7.989440e-04 
7.653270e-04 7.364790e-04 
7.035770e-04 6.742510e-04 
6.439720e-04 6.153620e-04 
5.867520e-04 5.586180e-04 
5.319160e-04 5.059280e-04 
4.792230e-04 4.546660e-04 
4.301090e-04 4.067440e-04 
3.843330e-04 3.621600e-04 
3.409400e-04 3.209130e-04 
3.020780e-04 2.834820e-04 
2.648850e-04 2.486720e-04 
2.319820e-04 2.167230e-04 
2.009880e-04 1.871600e-04 
1.740460e-04 1.614100e-04 
1.499660e-04 1.389990e-04 
1.282700e-04 1.184940e-04 
1.075270e-04 1.001360e-04 
9.226850e-05 8.416220e-05 
7.796330e-05 7.033390e-05 
6.508870e-05 5.865120e-05 
5.483650e-05 4.935290e-05 
4.506130e-05 4.029300e-05 
3.743190e-05 3.433250e-05 
3.170990e-05 2.813350e-05 
2.622620e-05 2.455720e-05 
2.121940e-05 1.978890e-05 
1.811990e-05 1.692780e-05 
1.621260e-05 1.549730e-05 
1.358990e-05 1.287470e-05 
1.263620e-05 1.192100e-05 
1.192100e-05 1.072890e-05 
1.096730e-05 1.025210e-05 
1.025210e-05 9.775220e-06 
9.536800e-06 8.821550e-06 
8.583130e-06 9.536800e-06 
8.106290e-06 8.821550e-06 
9.298380e-06 8.344710e-06 
8.344710e-06 8.344710e-06 
8.821550e-06 8.583130e-06 
8.106290e-06 8.821550e-06 
8.583130e-06 7.867870e-06 
8.821550e-06 8.821550e-06 
9.059960e-06 8.821550e-06 
8.583130e-06 8.106290e-06 
8.106290e-06 8.106290e-06 
9.059960e-06 8.821550e-06 
8.821550e-06 8.821550e-06 
7.867870e-06 8.344710e-06 
7.867870e-06 8.583130e-06 
8.344710e-06 8.344710e-06 
7.867870e-06 8.821550e-06 
8.821550e-06 7.867870e-06 
8.344710e-06 8.821550e-06 
8.106290e-06 1.025210e-05 
9.298380e-06 8.821550e-06 
7.867870e-06 8.821550e-06 
9.059960e-06 7.867870e-06 
4.291560e-06 7.629450e-06 
7.629450e-06 8.106290e-06 
8.106290e-06 7.867870e-06 
8.821550e-06 8.821550e-06 
9.059960e-06 7.867870e-06 
8.106290e-06 8.583130e-06 
9.059960e-06 8.583130e-06 
9.059960e-06 8.106290e-06 
8.106290e-06 7.629450e-06 
8.106290e-06 8.106290e-06 
8.821550e-06 8.821550e-06 
9.059960e-06 9.059960e-06 
8.106290e-06 8.583130e-06 
8.344710e-06 8.106290e-06 
7.867870e-06 9.059960e-06 
8.344710e-06 8.106290e-06 
8.821550e-06 8.821550e-06 
8.344710e-06 8.106290e-06 
8.821550e-06 7.629450e-06 
8.106290e-06 8.344710e-06 
8.106290e-06 8.106290e-06 
8.583130e-06 8.106290e-06 
9.059960e-06 8.821550e-06 
9.298380e-06 8.821550e-06 
8.344710e-06 8.106290e-06 
9.298380e-06 9.298380e-06 
8.583130e-06 9.298380e-06 
9.298380e-06 8.821550e-06 
1.025210e-05 1.049050e-05 
1.072890e-05 1.049050e-05 
1.144420e-05 1.192100e-05 
1.215940e-05 1.263620e-05 
1.358990e-05 1.382830e-05 
1.478200e-05 1.549730e-05 
1.645100e-05 1.835830e-05 
1.955040e-05 2.169620e-05 
2.312670e-05 2.455720e-05 
2.670300e-05 3.051780e-05 
3.266360e-05 3.576300e-05 
3.910090e-05 4.243870e-05 
4.577660e-05 5.149860e-05 
5.459810e-05 5.745910e-05 
6.079700e-05 6.437350e-05 
6.747290e-05 6.985710e-05 
7.176450e-05 7.534070e-05 
7.915540e-05 8.511590e-05 
8.773850e-05 8.773850e-05 
8.773850e-05 8.583120e-05 
8.583120e-05 8.583120e-05 
8.630800e-05 8.630800e-05 
8.559270e-05 8.583120e-05 
8.511590e-05 8.463910e-05 
8.416220e-05 8.392380e-05 
8.344700e-05 8.344700e-05 
8.225490e-05 8.249330e-05 
8.511590e-05 8.463910e-05 
8.297010e-05 8.177800e-05 
8.106280e-05 8.034750e-05 
7.987070e-05 7.820180e-05 
7.820180e-05 7.700970e-05 
7.724810e-05 7.987070e-05 
7.748650e-05 7.844020e-05 
7.510230e-05 7.510230e-05 
7.462550e-05 7.510230e-05 
7.796330e-05 8.082440e-05 
8.130120e-05 8.034750e-05 
8.130120e-05 8.153960e-05 
8.297010e-05 8.344700e-05 
8.416220e-05 8.416220e-05 
8.249330e-05 8.010910e-05 
7.867860e-05 7.605600e-05 
7.438710e-05 7.319500e-05 
7.271810e-05 7.295660e-05 
7.367180e-05 7.247970e-05 
7.081080e-05 6.961870e-05 
7.081080e-05 6.961870e-05 
7.152600e-05 7.295660e-05 
7.438710e-05 7.677120e-05 
7.557920e-05 7.462550e-05 
7.295660e-05 7.295660e-05 
7.104920e-05 7.033390e-05 
7.057240e-05 6.961870e-05 
6.794980e-05 6.628080e-05 
6.532720e-05 6.341980e-05 
6.294300e-05 6.198930e-05 
6.032010e-05 5.936650e-05 
5.841280e-05 5.698230e-05 
5.507490e-05 5.316760e-05 
5.316760e-05 5.197550e-05 
4.935290e-05 4.911450e-05 
4.792240e-05 4.792240e-05 
4.696870e-05 4.720710e-05 
4.577660e-05 4.506130e-05 
4.601500e-05 4.529980e-05 
4.482290e-05 4.315400e-05 
4.243870e-05 4.029300e-05 
3.695510e-05 3.623990e-05 
3.433250e-05 3.218670e-05 
3.075620e-05 3.075620e-05 
2.884880e-05 2.837190e-05 
2.789510e-05 2.813350e-05 
2.765670e-05 2.765670e-05 
2.646460e-05 2.646460e-05 
2.551090e-05 2.598770e-05 
2.598770e-05 2.551090e-05 
2.527250e-05 2.479560e-05 
2.360360e-05 2.360360e-05 
2.312670e-05 2.336510e-05 
2.288830e-05 2.193460e-05 
2.145780e-05 2.193460e-05 
2.026570e-05 2.026570e-05 
2.074250e-05 2.098100e-05 
1.978890e-05 1.978890e-05 
2.002730e-05 1.883520e-05 
1.788150e-05 1.859680e-05 
1.811990e-05 1.764310e-05 
1.716630e-05 1.764310e-05 
1.668940e-05 1.645100e-05 
1.716630e-05 1.668940e-05 
1.645100e-05 1.645100e-05 
1.645100e-05 1.692780e-05 
1.597420e-05 1.597420e-05 
1.645100e-05 1.597420e-05 
1.716630e-05 1.716630e-05 
1.764310e-05 1.716630e-05 
1.692780e-05 1.811990e-05 
1.716630e-05 1.764310e-05 
1.859680e-05 1.811990e-05 
1.835830e-05 1.931200e-05 
1.931200e-05 1.931200e-05 
1.955040e-05 1.859680e-05 
1.931200e-05 1.907360e-05 
2.026570e-05 2.002730e-05 
2.026570e-05 2.026570e-05 
2.026570e-05 2.026570e-05 
2.026570e-05 1.931200e-05 
1.859680e-05 1.859680e-05 
1.764310e-05 1.716630e-05 
1.692780e-05 5.960490e-06 
6.437330e-06 7.152590e-06 
6.437330e-06 6.914170e-06 
6.675750e-06 6.437330e-06 
6.675750e-06 6.675750e-06 
6.675750e-06 6.437330e-06 
6.675750e-06 7.152590e-06 
7.152590e-06 6.437330e-06 
7.629450e-06 7.391010e-06 
6.437330e-06 6.198910e-06 
6.437330e-06 6.198910e-06 
6.437330e-06 7.152590e-06 
7.152590e-06 5.960490e-06 
6.198910e-06 7.152590e-06 
5.960490e-06 6.914170e-06 
6.437330e-06 5.960490e-06 
5.960490e-06 6.437330e-06 
5.960490e-06 6.437330e-06 
5.960490e-06 7.152590e-06 
5.960490e-06 5.960490e-06 
7.152590e-06 6.914170e-06 
5.960490e-06 5.960490e-06 
6.675750e-06 6.198910e-06 
6.437330e-06 6.675750e-06 
6.437330e-06 5.960490e-06 
6.198910e-06 5.960490e-06 
5.960490e-06 6.198910e-06 
5.960490e-06 6.198910e-06 
6.437330e-06 6.675750e-06 
5.960490e-06 5.960490e-06 
5.960490e-06 5.722080e-06 
5.960490e-06 5.483660e-06 
5.483660e-06 6.675750e-06 
5.722080e-06 5.483660e-06 
5.722080e-06 5.722080e-06 
5.483660e-06 5.483660e-06 
6.437330e-06 5.483660e-06 
5.483660e-06 6.437330e-06 
6.437330e-06 5.960490e-06 
5.960490e-06 5.722080e-06 
6.437330e-06 5.483660e-06 
5.722080e-06 5.960490e-06 
5.960490e-06 5.483660e-06 
5.483660e-06 5.483660e-06 
5.960490e-06 5.960490e-06 
5.722080e-06 5.722080e-06 
5.960490e-06 5.722080e-06 
5.722080e-06 5.960490e-06 
5.483660e-06 5.483660e-06 
5.960490e-06 5.960490e-06 
5.483660e-06 5.960490e-06 
5.722080e-06 6.437330e-06 
5.960490e-06 6.437330e-06 
5.483660e-06 6.198910e-06 
5.722080e-06 5.722080e-06 
5.960490e-06 5.960490e-06 
5.960490e-06 5.483660e-06 
5.960490e-06 6.437330e-06 
5.960490e-06 5.960490e-06 
6.437330e-06 5.960490e-06 
5.960490e-06 6.198910e-06 
6.437330e-06 6.675750e-06 
6.437330e-06 5.483660e-06 
6.675750e-06 5.722080e-06 
5.960490e-06 6.437330e-06 
6.437330e-06 6.198910e-06 
5.960490e-06 6.914170e-06 
5.960490e-06 5.960490e-06 
7.152590e-06 6.914170e-06 
5.960490e-06 6.675750e-06 
5.960490e-06 6.437330e-06 
6.437330e-06 6.437330e-06 
7.152590e-06 7.629450e-06 
6.914170e-06 7.391010e-06 
6.437330e-06 7.391010e-06 
7.629450e-06 6.914170e-06 
5.960490e-06 6.437330e-06 
6.914170e-06 6.437330e-06 
6.437330e-06 6.914170e-06 
7.152590e-06 6.675750e-06 
7.152590e-06 7.152590e-06 
7.152590e-06 8.106290e-06 
7.629450e-06 7.391010e-06 
8.583130e-06 7.629450e-06 
8.583130e-06 7.629450e-06 
7.152590e-06 7.152590e-06 
6.914170e-06 7.152590e-06 
7.152590e-06 6.437330e-06 
6.675750e-06 7.629450e-06 
6.437330e-06 6.675750e-06 
7.391010e-06 8.106290e-06 
8.106290e-06 8.106290e-06 
8.821550e-06 8.106290e-06 
9.059960e-06 8.821550e-06 
8.821550e-06 9.775220e-06 
9.536800e-06 1.001360e-05 
9.298380e-06 1.001360e-05 
8.821550e-06 9.059960e-06 
9.298380e-06 8.821550e-06 
9.298380e-06 8.344710e-06 
8.106290e-06 8.344710e-06 
8.583130e-06 8.583130e-06 
8.106290e-06 7.867870e-06 
7.629450e-06 7.152590e-06 
7.152590e-06 7.391010e-06 
7.867870e-06 7.867870e-06 
8.106290e-06 9.298380e-06 
9.059960e-06 9.298380e-06 
9.536800e-06 9.775220e-06 
1.049050e-05 1.049050e-05 
1.144420e-05 1.144420e-05 
1.120570e-05 1.239780e-05 
1.168260e-05 1.263620e-05 
1.144420e-05 1.168260e-05 
1.168260e-05 1.263620e-05 
1.215940e-05 1.168260e-05 
1.263620e-05 1.144420e-05 
1.215940e-05 1.168260e-05 
1.144420e-05 1.049050e-05 
1.049050e-05 1.001360e-05 
9.775220e-06 9.298380e-06 
1.001360e-05 9.059960e-06 
8.344710e-06 9.059960e-06 
9.298380e-06 9.059960e-06 
8.583130e-06 8.821550e-06 
8.106290e-06 8.106290e-06 
8.344710e-06 9.536800e-06 
9.298380e-06 1.025210e-05 
9.536800e-06 1.001360e-05 
1.096730e-05 1.144420e-05 
1.096730e-05 1.215940e-05 
1.311310e-05 1.311310e-05 
1.287470e-05 1.311310e-05 
1.430520e-05 1.382830e-05 
1.406680e-05 1.430520e-05 
1.525890e-05 1.573570e-05 
1.502040e-05 1.597420e-05 
1.549730e-05 1.573570e-05 
1.645100e-05 1.668940e-05 
1.621260e-05 1.597420e-05 
1.716630e-05 1.621260e-05 
1.645100e-05 1.668940e-05 
1.645100e-05 1.597420e-05 
1.716630e-05 1.597420e-05 
1.621260e-05 1.645100e-05 
1.549730e-05 1.597420e-05 
1.478200e-05 1.478200e-05 
1.406680e-05 1.430520e-05 
1.406680e-05 1.335150e-05 
1.311310e-05 1.311310e-05 
1.239780e-05 1.215940e-05 
1.168260e-05 1.168260e-05 
1.144420e-05 1.144420e-05 
1.096730e-05 1.096730e-05 
1.096730e-05 1.025210e-05 
1.072890e-05 1.001360e-05 
1.001360e-05 1.049050e-05 
1.072890e-05 1.096730e-05 
1.096730e-05 1.096730e-05 
1.215940e-05 1.144420e-05 
1.168260e-05 1.311310e-05 
1.311310e-05 1.406680e-05 
1.430520e-05 1.430520e-05 
1.430520e-05 1.525890e-05 
1.525890e-05 1.573570e-05 
1.716630e-05 1.716630e-05 
1.740470e-05 1.740470e-05 
1.764310e-05 1.931200e-05 
1.859680e-05 2.002730e-05 
2.026570e-05 1.978890e-05 
2.002730e-05 2.145780e-05 
2.050410e-05 2.074250e-05 
2.145780e-05 2.217300e-05 
2.121940e-05 2.288830e-05 
2.288830e-05 2.312670e-05 
2.264990e-05 2.264990e-05 
2.264990e-05 2.431880e-05 
2.264990e-05 2.312670e-05 
2.431880e-05 2.431880e-05 
2.479560e-05 2.360360e-05 
2.431880e-05 2.408040e-05 
2.431880e-05 2.408040e-05 
2.408040e-05 2.503410e-05 
2.431880e-05 2.384200e-05 
2.527250e-05 2.527250e-05 
2.431880e-05 2.431880e-05 
2.527250e-05 2.431880e-05 
2.503410e-05 2.527250e-05 
2.408040e-05 2.360360e-05 
2.455720e-05 2.384200e-05 
2.479560e-05 2.431880e-05 
2.431880e-05 2.408040e-05 
2.360360e-05 2.264990e-05 
2.241150e-05 2.288830e-05 
2.145780e-05 2.145780e-05 
2.098100e-05 2.050410e-05 
2.098100e-05 1.978890e-05 
1.955040e-05 1.978890e-05 
1.859680e-05 1.859680e-05 
1.859680e-05 1.764310e-05 
1.811990e-05 1.788150e-05 
1.716630e-05 1.716630e-05 
1.668940e-05 1.645100e-05 
1.668940e-05 1.645100e-05 
1.597420e-05 1.597420e-05 
1.597420e-05 1.597420e-05 
1.573570e-05 1.645100e-05 
1.645100e-05 1.573570e-05 
1.573570e-05 1.621260e-05 
1.597420e-05 1.645100e-05 
1.549730e-05 1.597420e-05 
1.716630e-05 1.668940e-05 
1.716630e-05 1.692780e-05 
1.740470e-05 1.788150e-05 
1.716630e-05 1.740470e-05 
1.883520e-05 1.907360e-05 
1.931200e-05 1.883520e-05 
1.931200e-05 1.955040e-05 
2.002730e-05 2.121940e-05 
2.074250e-05 2.169620e-05 
2.169620e-05 2.145780e-05 
2.288830e-05 2.264990e-05 
2.312670e-05 2.336510e-05 
2.336510e-05 2.503410e-05 
2.551090e-05 2.598770e-05 
2.527250e-05 2.527250e-05 
2.670300e-05 2.598770e-05 
2.598770e-05 2.765670e-05 
2.765670e-05 2.765670e-05 
2.741830e-05 2.694140e-05 
2.837190e-05 2.741830e-05 
2.789510e-05 2.932560e-05 
2.932560e-05 2.932560e-05 
2.980240e-05 2.908720e-05 
3.004090e-05 2.932560e-05 
2.932560e-05 3.123310e-05 
2.980240e-05 3.027930e-05 
3.004090e-05 3.123310e-05 
3.147150e-05 3.027930e-05 
3.027930e-05 3.147150e-05 
3.075620e-05 3.170990e-05 
3.194830e-05 3.099460e-05 
3.099460e-05 3.051780e-05 
3.147150e-05 3.027930e-05 
3.051780e-05 3.099460e-05 
3.194830e-05 3.051780e-05 
3.099460e-05 3.099460e-05 
3.123310e-05 3.123310e-05 
3.027930e-05 3.099460e-05 
3.147150e-05 3.147150e-05 
3.147150e-05 3.099460e-05 
3.170990e-05 3.147150e-05 
3.147150e-05 3.147150e-05 
3.170990e-05 3.194830e-05 
3.194830e-05 3.266360e-05 
3.266360e-05 3.170990e-05 
3.242520e-05 3.194830e-05 
3.314040e-05 3.314040e-05 
3.147150e-05 3.314040e-05 
3.218670e-05 3.242520e-05 
3.361730e-05 3.314040e-05 
3.218670e-05 3.409410e-05 
3.290200e-05 3.242520e-05 
3.266360e-05 3.361730e-05 
3.314040e-05 3.242520e-05 
3.194830e-05 3.194830e-05 
3.194830e-05 3.290200e-05 
3.314040e-05 3.266360e-05 
3.433250e-05 3.266360e-05 
3.194830e-05 3.314040e-05 
3.314040e-05 3.218670e-05 
3.314040e-05 3.314040e-05 
3.409410e-05 3.266360e-05 
3.361730e-05 3.290200e-05 
3.266360e-05 3.290200e-05 
3.266360e-05 3.314040e-05 
3.194830e-05 3.314040e-05 
3.314040e-05 3.194830e-05 
3.314040e-05 3.266360e-05 
3.266360e-05 3.361730e-05 
3.337880e-05 3.266360e-05 
3.337880e-05 3.266360e-05 
3.266360e-05 3.314040e-05 
3.266360e-05 3.266360e-05 
3.242520e-05 3.242520e-05 
3.242520e-05 3.314040e-05 
3.218670e-05 3.218670e-05 
3.266360e-05 3.242520e-05 
3.218670e-05 3.266360e-05 
3.266360e-05 3.242520e-05 
3.218670e-05 3.337880e-05 
3.266360e-05 3.314040e-05 
3.290200e-05 3.290200e-05 
3.314040e-05 3.242520e-05 
3.266360e-05 3.314040e-05 
3.242520e-05 3.266360e-05 
3.337880e-05 3.314040e-05 
3.266360e-05 3.337880e-05 
3.290200e-05 3.314040e-05 
3.266360e-05 3.266360e-05 
3.290200e-05 3.218670e-05 
3.266360e-05 3.194830e-05 
3.314040e-05 3.314040e-05 
3.194830e-05 3.218670e-05 
3.314040e-05 3.194830e-05 
3.218670e-05 3.194830e-05 
3.242520e-05 3.194830e-05 
3.218670e-05 3.194830e-05 
3.266360e-05 3.218670e-05 
3.218670e-05 3.314040e-05 
3.314040e-05 3.194830e-05 
3.218670e-05 3.314040e-05 
3.194830e-05 3.218670e-05 
3.314040e-05 3.242520e-05 
3.314040e-05 3.266360e-05 
3.242520e-05 3.314040e-05 
3.290200e-05 3.194830e-05 
3.290200e-05 3.218670e-05 
3.290200e-05 3.242520e-05 
3.218670e-05 3.218670e-05 
3.266360e-05 3.314040e-05 
3.290200e-05 3.218670e-05 
3.314040e-05 3.314040e-05 
3.194830e-05 3.242520e-05 
3.314040e-05 3.242520e-05 
3.314040e-05 3.337880e-05 
3.314040e-05 3.218670e-05 
3.314040e-05 3.290200e-05 
3.242520e-05 3.194830e-05 
3.314040e-05 3.266360e-05 
3.266360e-05 3.147150e-05 
3.147150e-05 3.147150e-05 
3.170990e-05 3.099460e-05 
3.170990e-05 3.051780e-05 
3.170990e-05 3.147150e-05 
3.147150e-05 3.027930e-05 
3.170990e-05 2.980240e-05 
3.027930e-05 3.027930e-05 
2.980240e-05 2.956400e-05 
2.908720e-05 2.908720e-05 
2.908720e-05 2.861030e-05 
2.837190e-05 2.837190e-05 
2.956400e-05 3.004090e-05 
2.813350e-05 2.813350e-05 
2.741830e-05 2.861030e-05 
2.813350e-05 2.765670e-05 
2.646460e-05 2.813350e-05 
2.813350e-05 2.813350e-05 
2.717980e-05 2.813350e-05 
2.861030e-05 2.622620e-05 
2.717980e-05 2.717980e-05 
2.813350e-05 2.813350e-05 
2.694140e-05 2.694140e-05 
2.813350e-05 2.527250e-05 
2.670300e-05 2.574930e-05 
2.574930e-05 2.789510e-05 
2.670300e-05 2.622620e-05 
2.765670e-05 2.622620e-05 
2.598770e-05 2.431880e-05 
2.932560e-05 3.004090e-05 
3.123310e-05 3.099460e-05 
3.099460e-05 3.194830e-05 
3.027930e-05 3.027930e-05 
3.218670e-05 3.194830e-05 
3.099460e-05 3.027930e-05 
3.266360e-05 3.266360e-05 
3.027930e-05 3.266360e-05 
3.123310e-05 3.314040e-05 
3.194830e-05 3.194830e-05 
3.480930e-05 3.242520e-05 
3.218670e-05 3.266360e-05 
3.242520e-05 3.314040e-05 
3.242520e-05 3.290200e-05 
3.361730e-05 3.314040e-05 
3.385570e-05 3.314040e-05 
3.242520e-05 3.194830e-05 
3.337880e-05 3.314040e-05 
3.433250e-05 3.576300e-05 
3.480930e-05 3.576300e-05 
3.600140e-05 3.576300e-05 
3.576300e-05 3.409410e-05 
3.361730e-05 3.552460e-05 
3.504780e-05 3.457090e-05 
3.433250e-05 3.409410e-05 
3.480930e-05 3.433250e-05 
3.433250e-05 3.600140e-05 
3.337880e-05 3.123310e-05 
3.266360e-05 3.194830e-05 
3.194830e-05 3.051780e-05 
2.861030e-05 3.099460e-05 
3.147150e-05 3.170990e-05 
3.290200e-05 3.099460e-05 
3.242520e-05 3.361730e-05 
3.504780e-05 3.528620e-05 
3.576300e-05 3.504780e-05 
3.504780e-05 3.504780e-05 
3.528620e-05 3.695510e-05 
3.600140e-05 3.576300e-05 
3.695510e-05 3.647830e-05 
3.576300e-05 3.647830e-05 
3.600140e-05 3.695510e-05 
3.504780e-05 3.647830e-05 
3.480930e-05 3.504780e-05 
3.623990e-05 3.623990e-05 
3.600140e-05 3.719350e-05 
3.671670e-05 3.743190e-05 
3.671670e-05 3.671670e-05 
3.719350e-05 3.647830e-05 
3.576300e-05 3.647830e-05 
3.528620e-05 3.600140e-05 
3.504780e-05 3.576300e-05 
3.480930e-05 3.480930e-05 
3.600140e-05 3.504780e-05 
3.647830e-05 3.504780e-05 
3.528620e-05 3.576300e-05 
3.480930e-05 3.433250e-05 
3.504780e-05 3.290200e-05 
3.123310e-05 3.218670e-05 
3.170990e-05 3.194830e-05 
3.242520e-05 3.099460e-05 
3.194830e-05 3.290200e-05 
3.290200e-05 3.242520e-05 
3.218670e-05 3.242520e-05 
3.099460e-05 3.075620e-05 
3.099460e-05 3.194830e-05 
3.194830e-05 3.147150e-05 
2.980240e-05 3.099460e-05 
3.123310e-05 3.123310e-05 
2.861030e-05 2.932560e-05 
4.649190e-05 3.576300e-05 
3.147150e-05 2.884880e-05 
2.861030e-05 2.789510e-05 
2.670300e-05 2.861030e-05 
2.646460e-05 2.694140e-05 
2.527250e-05 2.694140e-05 
2.622620e-05 2.527250e-05 
2.431880e-05 2.264990e-05 
2.646460e-05 2.861030e-05 
2.813350e-05 2.813350e-05 
2.670300e-05 2.789510e-05 
2.813350e-05 2.694140e-05 
2.622620e-05 2.551090e-05 
2.431880e-05 2.360360e-05 
2.479560e-05 2.431880e-05 
2.431880e-05 2.551090e-05 
2.360360e-05 2.360360e-05 
2.145780e-05 2.336510e-05 
2.026570e-05 2.074250e-05 
1.955040e-05 2.002730e-05 
1.811990e-05 1.883520e-05 
1.764310e-05 1.931200e-05 
1.955040e-05 1.955040e-05 
1.859680e-05 1.835830e-05 
2.026570e-05 2.312670e-05 
2.360360e-05 2.145780e-05 
1.978890e-05 2.074250e-05 
2.193460e-05 2.145780e-05 
2.098100e-05 2.098100e-05 
1.788150e-05 1.978890e-05 
1.907360e-05 1.835830e-05 
1.931200e-05 1.811990e-05 
1.645100e-05 1.668940e-05 
1.835830e-05 1.931200e-05 
1.668940e-05 1.597420e-05 
1.573570e-05 1.788150e-05 
1.645100e-05 1.716630e-05 
1.764310e-05 1.549730e-05 
1.573570e-05 1.859680e-05 
1.716630e-05 1.668940e-05 
1.597420e-05 1.072890e-05 
7.629450e-06 5.722080e-06 
3.814730e-06 5.483660e-06 
1.549730e-05 2.169620e-05 
2.264990e-05 2.312670e-05 
2.264990e-05 2.336510e-05 
2.312670e-05 2.479560e-05 
2.193460e-05 2.241150e-05 
2.431880e-05 2.193460e-05 
2.026570e-05 2.026570e-05 
1.931200e-05 2.193460e-05 
2.026570e-05 1.931200e-05 
1.931200e-05 1.716630e-05 
1.645100e-05 1.716630e-05 
1.788150e-05 1.788150e-05 
1.955040e-05 1.907360e-05 
2.145780e-05 1.811990e-05 
1.621260e-05 1.645100e-05 
1.597420e-05 1.645100e-05 
1.716630e-05 1.668940e-05 
1.740470e-05 1.883520e-05 
1.716630e-05 1.597420e-05 
1.811990e-05 1.597420e-05 
1.859680e-05 1.668940e-05 
1.645100e-05 1.668940e-05 
1.835830e-05 1.716630e-05 
1.454360e-05 1.573570e-05 
1.502040e-05 1.525890e-05 
1.716630e-05 1.597420e-05 
1.597420e-05 1.502040e-05 
1.382830e-05 1.668940e-05 
1.382830e-05 1.478200e-05 
1.716630e-05 1.263620e-05 
1.239780e-05 1.430520e-05 
1.263620e-05 1.358990e-05 
1.382830e-05 1.382830e-05 
1.358990e-05 1.645100e-05 
1.215940e-05 1.549730e-05 
1.263620e-05 1.263620e-05 
1.168260e-05 1.168260e-05 
9.775220e-06 1.215940e-05 
1.287470e-05 1.454360e-05 
1.287470e-05 1.454360e-05 
1.311310e-05 1.382830e-05 
1.645100e-05 1.597420e-05 
1.525890e-05 1.573570e-05 
1.287470e-05 1.430520e-05 
1.716630e-05 1.478200e-05 
1.478200e-05 1.549730e-05 
1.430520e-05 1.716630e-05 
1.764310e-05 1.811990e-05 
1.597420e-05 1.478200e-05 
1.215940e-05 1.597420e-05 
1.454360e-05 1.430520e-05 
1.764310e-05 1.478200e-05 
1.525890e-05 1.597420e-05 
2.098100e-05 2.026570e-05 
2.026570e-05 2.074250e-05 
2.193460e-05 2.026570e-05 
1.859680e-05 2.145780e-05 
2.050410e-05 1.955040e-05 
1.978890e-05 2.145780e-05 
2.479560e-05 2.479560e-05 
2.527250e-05 2.598770e-05 
2.574930e-05 2.789510e-05 
2.646460e-05 2.932560e-05 
2.789510e-05 2.884880e-05 
3.147150e-05 3.314040e-05 
3.147150e-05 3.147150e-05 
3.099460e-05 3.314040e-05 
3.314040e-05 3.314040e-05 
3.099460e-05 2.884880e-05 
2.765670e-05 2.551090e-05 
2.694140e-05 2.741830e-05 
2.884880e-05 2.980240e-05 
3.242520e-05 3.290200e-05 
3.480930e-05 3.623990e-05 
3.695510e-05 3.862400e-05 
3.814720e-05 4.148510e-05 
4.100820e-05 4.243870e-05 
4.553820e-05 4.506130e-05 
4.529980e-05 4.744550e-05 
4.863760e-05 4.816080e-05 
5.102180e-05 5.412130e-05 
5.412130e-05 5.459810e-05 
5.602860e-05 5.650540e-05 
5.960490e-05 5.960490e-05 
6.198930e-05 6.365820e-05 
6.580400e-05 6.794980e-05 
6.771130e-05 6.961870e-05 
7.009550e-05 7.224130e-05 
7.414860e-05 7.510230e-05 
7.748650e-05 7.700970e-05 
7.963230e-05 8.130120e-05 
8.249330e-05 8.440060e-05 
8.416220e-05 8.583120e-05 
8.630800e-05 8.893060e-05 
8.869220e-05 9.059950e-05 
9.203000e-05 9.250690e-05 
9.298370e-05 9.465260e-05 
9.560630e-05 9.560630e-05 
9.656000e-05 9.822890e-05 
9.846730e-05 9.894420e-05 
1.001360e-04 1.010900e-04 
1.010900e-04 1.025200e-04 
1.022820e-04 1.032360e-04 
1.039510e-04 1.049050e-04 
1.060970e-04 1.053810e-04 
1.060970e-04 1.065740e-04 
1.077660e-04 1.068120e-04 
1.077660e-04 1.077660e-04 
1.080040e-04 1.084810e-04 
1.094350e-04 1.101500e-04 
1.091960e-04 1.094350e-04 
1.103880e-04 1.101500e-04 
1.106270e-04 1.103880e-04 
1.111040e-04 1.111040e-04 
1.106270e-04 1.108650e-04 
1.111040e-04 1.111040e-04 
1.111040e-04 1.118190e-04 
1.111040e-04 1.115800e-04 
1.118190e-04 1.122960e-04 
1.120570e-04 1.115800e-04 
1.111040e-04 1.122960e-04 
1.122960e-04 1.125340e-04 
1.125340e-04 1.118190e-04 
1.118190e-04 1.127720e-04 
1.127720e-04 1.127720e-04 
1.125340e-04 1.120570e-04 
1.125340e-04 1.120570e-04 
1.122960e-04 1.125340e-04 
1.118190e-04 1.122960e-04 
1.118190e-04 1.125340e-04 
1.125340e-04 1.125340e-04 
1.118190e-04 1.122960e-04 
1.120570e-04 1.122960e-04 
1.125340e-04 1.120570e-04 
1.122960e-04 1.127720e-04 
1.118190e-04 1.127720e-04 
1.127720e-04 1.118190e-04 
1.120570e-04 1.122960e-04 
1.125340e-04 1.125340e-04 
1.118190e-04 1.122960e-04 
1.125340e-04 1.127720e-04 
1.127720e-04 1.118190e-04 
1.118190e-04 1.120570e-04 
1.120570e-04 1.122960e-04 
1.225480e-04 1.158720e-04 
1.134880e-04 1.122960e-04 
1.127720e-04 1.120570e-04 
1.122960e-04 1.168260e-04 
1.130110e-04 1.132490e-04 
1.118190e-04 1.118190e-04 
1.115800e-04 1.118190e-04 
1.125340e-04 1.118190e-04 
1.118190e-04 1.118190e-04 
1.118190e-04 1.122960e-04 
1.127720e-04 1.125340e-04 
1.118190e-04 1.127720e-04 
1.118190e-04 1.122960e-04 
1.120570e-04 1.127720e-04 
1.127720e-04 1.122960e-04 
1.122960e-04 1.120570e-04 
1.118190e-04 1.118190e-04 
1.115800e-04 1.118190e-04 
1.122960e-04 1.122960e-04 
1.122960e-04 1.118190e-04 
1.120570e-04 1.125340e-04 
1.127720e-04 1.122960e-04 
1.118190e-04 1.118190e-04 
1.118190e-04 1.125340e-04 
1.122960e-04 1.122960e-04 
1.127720e-04 1.125340e-04 
1.118190e-04 1.122960e-04 
1.127720e-04 1.115800e-04 
1.118190e-04 1.118190e-04 
1.120570e-04 1.122960e-04 
1.118190e-04 1.127720e-04 
1.118190e-04 1.122960e-04 
1.127720e-04 1.125340e-04 
1.118190e-04 1.118190e-04 
1.122960e-04 1.127720e-04 
1.118190e-04 1.115800e-04 
1.118190e-04 1.111040e-04 
1.115800e-04 1.111040e-04 
1.122960e-04 1.113420e-04 
1.111040e-04 1.111040e-04 
1.115800e-04 1.118190e-04 
1.115800e-04 1.118190e-04 
1.108650e-04 1.111040e-04 
1.101500e-04 1.111040e-04 
1.106270e-04 1.106270e-04 
1.099110e-04 1.101500e-04 
1.106270e-04 1.106270e-04 
1.094350e-04 1.103880e-04 
1.099110e-04 1.096730e-04 
1.084810e-04 1.089580e-04 
1.094350e-04 1.089580e-04 
1.091960e-04 1.087190e-04 
1.087190e-04 1.087190e-04 
1.084810e-04 1.087190e-04 
1.084810e-04 1.094350e-04 
1.084810e-04 1.089580e-04 
1.087190e-04 1.084810e-04 
1.089580e-04 1.096730e-04 
1.094350e-04 1.094350e-04 
1.099110e-04 1.089580e-04 
1.089580e-04 1.084810e-04 
1.087190e-04 1.099110e-04 
1.089580e-04 1.094350e-04 
1.099110e-04 1.099110e-04 
1.089580e-04 1.087190e-04 
1.099110e-04 1.096730e-04 
1.091960e-04 1.089580e-04 
1.091960e-04 1.091960e-04 
1.087190e-04 1.091960e-04 
1.099110e-04 1.091960e-04 
1.089580e-04 1.089580e-04 
1.096730e-04 1.084810e-04 
1.091960e-04 1.087190e-04 
1.094350e-04 1.091960e-04 
1.087190e-04 1.091960e-04 
1.089580e-04 1.101500e-04 
1.091960e-04 1.089580e-04 
1.091960e-04 1.094350e-04 
1.099110e-04 1.094350e-04 
1.099110e-04 1.096730e-04 
1.101500e-04 1.094350e-04 
1.099110e-04 1.096730e-04 
1.089580e-04 1.091960e-04 
1.101500e-04 1.094350e-04 
1.094350e-04 1.101500e-04 
1.094350e-04 1.094350e-04 
1.091960e-04 1.096730e-04 
1.094350e-04 1.106270e-04 
1.094350e-04 1.103880e-04 
1.099110e-04 1.101500e-04 
1.106270e-04 1.106270e-04 
1.099110e-04 1.106270e-04 
1.099110e-04 1.101500e-04 
1.106270e-04 1.106270e-04 
1.101500e-04 1.111040e-04 
1.101500e-04 1.111040e-04 
1.111040e-04 1.101500e-04 
1.113420e-04 1.113420e-04 
1.101500e-04 1.108650e-04 
1.111040e-04 1.106270e-04 
1.111040e-04 1.108650e-04 
1.118190e-04 1.106270e-04 
1.108650e-04 1.113420e-04 
1.113420e-04 1.111040e-04 
1.115800e-04 1.120570e-04 
1.113420e-04 1.118190e-04 
1.118190e-04 1.111040e-04 
1.118190e-04 1.115800e-04 
1.111040e-04 1.122960e-04 
1.111040e-04 1.115800e-04 
1.118190e-04 1.120570e-04 
1.118190e-04 1.118190e-04 
1.111040e-04 1.120570e-04 
1.122960e-04 1.115800e-04 
1.111040e-04 1.099110e-04 
1.094350e-04 1.087190e-04 
1.087190e-04 1.096730e-04 
1.094350e-04 1.089580e-04 
1.096730e-04 1.094350e-04 
1.096730e-04 1.094350e-04 
1.089580e-04 1.087190e-04 
1.087190e-04 1.094350e-04 
1.091960e-04 1.094350e-04 
1.091960e-04 1.087190e-04 
1.091960e-04 1.096730e-04 
1.096730e-04 1.094350e-04 
1.091960e-04 1.089580e-04 
1.089580e-04 1.089580e-04 
1.087190e-04 1.084810e-04 
1.087190e-04 1.089580e-04 
1.089580e-04 1.094350e-04 
1.094350e-04 1.084810e-04 
1.094350e-04 1.084810e-04 
1.089580e-04 1.089580e-04 
1.089580e-04 1.084810e-04 
1.094350e-04 1.094350e-04 
1.094350e-04 1.094350e-04 
1.091960e-04 1.094350e-04 
1.094350e-04 1.084810e-04 
1.089580e-04 1.091960e-04 
1.087190e-04 1.087190e-04 
1.094350e-04 1.084810e-04 
