0.000164033	6.67575e-06
0.00016594	5.96049e-06
0.000167848	6.19891e-06
0.000169517	6.43733e-06
0.000170232	6.19891e-06
0.000171424	6.43733e-06
0.000170709	5.96049e-06
0.000172854	6.19891e-06
0.000172854	7.39101e-06
0.000173331	7.15259e-06
0.000173331	6.91417e-06
0.000174523	7.15259e-06
0.000174523	6.67575e-06
0.000174285	6.43733e-06
0.000173808	7.15259e-06
0.000174762	6.43733e-06
0.000174762	7.15259e-06
0.00017357	6.43733e-06
0.000173808	7.15259e-06
0.00017357	5.96049e-06
0.000174046	7.15259e-06
0.000173093	6.91417e-06
0.000173093	6.91417e-06
0.000172854	5.96049e-06
0.000172139	7.15259e-06
0.000172139	6.67575e-06
0.000172139	6.67575e-06
0.000171901	5.96049e-06
0.000171662	7.15259e-06
0.000171901	5.72208e-06
0.00017047	5.72208e-06
0.000169993	6.43733e-06
0.000169517	6.43733e-06
0.000169755	5.24524e-06
0.000170232	6.67575e-06
0.000169278	5.72208e-06
0.000168324	5.96049e-06
0.00016904	7.15259e-06
0.000167609	6.67575e-06
0.000168324	5.72208e-06
0.000166894	5.72208e-06
0.000167609	5.72208e-06
0.000166417	6.43733e-06
0.000166656	5.96049e-06
0.000165463	5.96049e-06
0.00016594	5.96049e-06
0.000164748	5.96049e-06
0.000164987	5.96049e-06
0.00016451	5.96049e-06
0.000163794	5.96049e-06
0.000163318	5.96049e-06
0.000162602	5.96049e-06
0.000163079	5.96049e-06
0.000162841	5.96049e-06
0.000161649	6.19891e-06
0.000161887	6.67575e-06
0.000161649	5.48366e-06
0.00016141	5.96049e-06
0.000160933	6.43733e-06
0.000159026	5.24524e-06
0.000159265	5.00682e-06
0.000158311	6.43733e-06
0.000157834	6.43733e-06
0.000158549	5.96049e-06
0.000158549	6.43733e-06
0.000157596	6.43733e-06
0.000156404	5.48366e-06
0.000155927	5.24524e-06
0.000156642	5.96049e-06
0.000156165	5.48366e-06
0.000154496	6.43733e-06
0.000154973	5.48366e-06
0.000154973	4.7684e-06
0.000154496	5.96049e-06
0.00015235	6.43733e-06
0.000152112	5.00682e-06
0.000152827	4.7684e-06
0.00015235	5.00682e-06
0.000150681	5.24524e-06
0.000150443	5.00682e-06
0.00015092	4.7684e-06
0.000149966	5.24524e-06
0.000148774	5.48366e-06
0.000149728	5.48366e-06
0.000147582	5.24524e-06
0.000148536	6.43733e-06
0.000146867	6.19891e-06
0.000147105	5.00682e-06
0.000147105	6.19891e-06
0.00014639	6.43733e-06
0.000145436	5.96049e-06
0.000145913	5.96049e-06
0.000145198	5.24524e-06
0.000144483	5.96049e-06
0.00014329	4.7684e-06
0.000144006	5.96049e-06
0.00014329	5.00682e-06
0.000142814	4.7684e-06
0.000141622	4.7684e-06
0.000141145	5.96049e-06
0.000141383	6.43733e-06
0.000140191	5.96049e-06
0.000140429	5.96049e-06
0.000140429	5.24524e-06
0.000139714	6.19891e-06
0.000138999	5.96049e-06
0.000138999	4.7684e-06
0.000138284	5.00682e-06
0.000137807	6.19891e-06
0.000137807	5.48366e-06
0.000137807	6.19891e-06
0.000137092	5.96049e-06
0.000135661	5.72208e-06
0.000135184	5.96049e-06
0.000134469	5.24524e-06
0.000134946	5.48366e-06
0.000134946	5.00682e-06
0.000134231	6.19891e-06
0.000133992	6.43733e-06
0.000134707	5.24524e-06
0.000134469	5.96049e-06
0.000133038	5.00682e-06
0.000132323	5.00682e-06
0.000132562	5.24524e-06
0.000131846	5.96049e-06
0.000130654	5.48366e-06
0.000131131	5.48366e-06
0.00013137	5.48366e-06
0.000130893	5.72208e-06
0.000131131	5.48366e-06
0.000131131	6.43733e-06
0.000131846	5.96049e-06
0.000131608	5.48366e-06
0.000129462	5.48366e-06
0.000128509	6.43733e-06
0.000127555	5.96049e-06
0.000127793	5.72208e-06
0.000126363	5.24524e-06
0.000127793	5.00682e-06
0.000127793	5.48366e-06
0.000128032	5.96049e-06
0.000129939	5.24524e-06
0.000131131	5.96049e-06
0.000131131	5.48366e-06
0.000129701	6.43733e-06
0.000129462	5.48366e-06
0.000129224	6.43733e-06
0.000128032	4.7684e-06
0.000125409	5.72208e-06
0.000124217	5.96049e-06
0.000124217	5.24524e-06
0.000123025	5.72208e-06
0.000123979	5.96049e-06
0.00012374	5.96049e-06
0.000126601	5.96049e-06
0.000127316	5.48366e-06
0.000128747	5.72208e-06
0.000131131	6.43733e-06
0.000131846	6.91417e-06
0.000131608	5.48366e-06
0.000131608	6.43733e-06
0.000131131	5.96049e-06
0.000129462	5.96049e-06
0.000127793	6.43733e-06
0.000124932	6.19891e-06
0.000123263	5.96049e-06
0.000121594	6.43733e-06
0.000119687	5.96049e-06
0.000120163	5.48366e-06
0.000119448	6.67575e-06
0.00012064	5.72208e-06
0.000122071	5.72208e-06
0.000125648	5.72208e-06
0.000127316	5.96049e-06
0.000130416	7.15259e-06
0.000132562	6.91417e-06
0.000134946	5.96049e-06
0.000137092	7.39101e-06
0.000137807	6.67575e-06
0.00013733	7.15259e-06
0.000137568	6.19891e-06
0.0001359	6.43733e-06
0.000134231	7.15259e-06
0.000129939	7.39101e-06
0.000127078	6.67575e-06
0.000124455	5.96049e-06
0.00012064	5.96049e-06
0.000118733	6.43733e-06
0.000116826	5.96049e-06
0.000114441	6.19891e-06
0.00011468	5.72208e-06
0.000115633	5.72208e-06
0.000117302	5.96049e-06
0.000119448	7.15259e-06
0.00012231	6.67575e-06
0.00012684	6.19891e-06
0.000131131	6.43733e-06
0.000135423	6.67575e-06
0.000138522	7.62945e-06
0.000142814	6.67575e-06
0.000146628	6.91417e-06
0.000148774	7.39101e-06
0.000149966	7.15259e-06
0.000151635	7.15259e-06
0.000151158	7.15259e-06
0.000150205	7.39101e-06
0.000148297	7.39101e-06
0.000145198	7.39101e-06
0.000142098	7.15259e-06
0.000137807	7.62945e-06
0.000133277	7.39101e-06
0.000129462	7.62945e-06
0.000124455	6.43733e-06
0.000120163	7.62945e-06
0.000115872	7.39101e-06
0.000112772	6.43733e-06
0.000110627	7.15259e-06
0.000108958	6.91417e-06
0.000108719	6.19891e-06
0.000109435	6.43733e-06
0.000111819	6.67575e-06
0.000114203	7.15259e-06
0.000118733	7.62945e-06
0.000123263	7.15259e-06
0.000128747	7.15259e-06
0.000134469	7.39101e-06
0.000140191	8.10629e-06
0.000147105	8.34471e-06
0.000152589	9.05996e-06
0.000157596	8.10629e-06
0.000162841	8.10629e-06
0.000167848	8.34471e-06
0.000170709	9.29838e-06
0.000174285	9.29838e-06
0.000176669	8.58313e-06
0.000178338	8.82155e-06
0.000178576	9.77522e-06
0.000177623	9.5368e-06
0.000175954	8.82155e-06
0.000173808	8.82155e-06
0.000169993	9.29838e-06
0.00016594	9.05996e-06
0.000161172	8.34471e-06
0.000154973	9.29838e-06
0.000149251	9.05996e-06
0.00014329	7.62945e-06
0.000136138	8.10629e-06
0.000129939	8.58313e-06
0.000123263	8.10629e-06
0.000118018	7.62945e-06
0.000112057	7.62945e-06
0.000106812	7.15259e-06
0.000103474	7.39101e-06
0.000100613	6.91417e-06
9.87058e-05	7.62945e-06
9.84673e-05	8.10629e-06
9.79905e-05	6.91417e-06
0.000100852	6.67575e-06
0.000103951	8.10629e-06
0.000106812	7.86787e-06
0.000112296	8.10629e-06
0.00011921	8.82155e-06
0.000125886	7.86787e-06
0.000133038	8.10629e-06
0.000140429	9.05996e-06
0.000149728	8.82155e-06
0.000157596	9.29838e-06
0.000165225	9.5368e-06
0.000173331	9.29838e-06
0.000181437	1.07289e-05
0.000189067	1.02521e-05
0.000196935	1.02521e-05
0.000202657	1.14442e-05
0.000208617	1.09673e-05
0.000214578	1.04905e-05
0.000219346	1.12057e-05
0.000223399	1.09673e-05
0.00022626	1.12057e-05
0.000228883	1.21594e-05
0.000229598	1.16826e-05
0.00023079	1.14442e-05
0.000230313	1.21594e-05
0.000228644	1.23978e-05
0.000227452	1.16826e-05
0.000224353	1.21594e-05
0.000221492	1.1921e-05
0.000216485	1.14442e-05
0.000211478	1.12057e-05
0.000205518	1.16826e-05
0.000197888	1.14442e-05
0.000190974	1.04905e-05
0.000182391	1.14442e-05
0.000174762	1.00136e-05
0.000164987	9.77522e-06
0.000157119	1.07289e-05
0.000148774	1.04905e-05
0.000139476	9.5368e-06
0.000129462	9.29838e-06
0.000122071	9.5368e-06
0.000112296	8.82155e-06
0.000104666	1.07289e-05
9.9421e-05	8.82155e-06
9.29837e-05	8.34471e-06
8.79769e-05	8.10629e-06
8.48775e-05	8.10629e-06
8.24933e-05	7.62945e-06
8.03475e-05	9.05996e-06
7.93939e-05	8.10629e-06
7.93939e-05	7.62945e-06
8.1778e-05	8.10629e-06
8.51159e-05	8.58313e-06
8.96459e-05	8.10629e-06
9.51295e-05	9.29838e-06
0.000101328	9.05996e-06
0.000109435	8.82155e-06
0.000116826	9.77522e-06
0.000126124	9.05996e-06
0.000136615	1.04905e-05
0.000145436	1.00136e-05
0.000155927	1.12057e-05
0.000167609	1.09673e-05
0.000177861	1.1921e-05
0.000189067	1.16826e-05
0.000199319	1.16826e-05
0.000208856	1.16826e-05
0.000219346	1.26362e-05
0.000228883	1.33515e-05
0.000239373	1.28747e-05
0.000248434	1.31131e-05
0.000256779	1.35899e-05
0.000265123	1.38283e-05
0.000273706	1.38283e-05
0.000281097	1.40668e-05
0.000287296	1.45436e-05
0.000293972	1.4782e-05
0.000300171	1.50204e-05
0.000305893	1.4782e-05
0.000311615	1.59742e-05
0.00031543	1.4782e-05
0.000319483	1.52589e-05
0.000322821	1.54973e-05
0.00032449	1.6451e-05
0.000326635	1.62126e-05
0.000328781	1.54973e-05
0.00033045	1.59742e-05
0.000329973	1.54973e-05
0.000330212	1.6451e-05
0.000329973	1.57357e-05
0.000328781	1.6451e-05
0.000327112	1.6451e-05
0.000324013	1.59742e-05
0.000321152	1.57357e-05
0.000317814	1.6451e-05
0.000312092	1.54973e-05
0.000308277	1.54973e-05
0.000301125	1.52589e-05
0.000295641	1.52589e-05
0.000287773	1.54973e-05
0.000280621	1.50204e-05
0.000272037	1.57357e-05
0.000263216	1.54973e-05
0.000252964	1.50204e-05
0.000242711	1.4782e-05
0.000232936	1.38283e-05
0.000222445	1.45436e-05
0.000210286	1.38283e-05
0.000198842	1.38283e-05
0.000187398	1.28747e-05
0.000174523	1.38283e-05
0.000163318	1.31131e-05
0.000151635	1.31131e-05
0.000141383	1.21594e-05
0.000129939	1.23978e-05
0.000119448	1.26362e-05
0.000110388	1.14442e-05
0.000100613	1.1921e-05
9.22685e-05	1.14442e-05
8.44006e-05	1.14442e-05
7.74865e-05	1.12057e-05
7.20029e-05	1.04905e-05
6.5804e-05	1.12057e-05
6.19893e-05	1.09673e-05
5.88896e-05	1.09673e-05
5.57902e-05	1.09673e-05
5.31676e-05	1.09673e-05
5.19755e-05	1.00136e-05
5.29292e-05	1.12057e-05
5.38828e-05	1.09673e-05
5.50749e-05	1.09673e-05
5.81744e-05	1.02521e-05
6.41351e-05	1.09673e-05
6.91419e-05	1.12057e-05
7.70097e-05	1.14442e-05
8.55927e-05	1.21594e-05
9.39374e-05	1.21594e-05
0.000103474	1.12057e-05
0.000114441	1.23978e-05
0.000126601	1.21594e-05
0.000138284	1.21594e-05
0.000149966	1.35899e-05
0.000163556	1.26362e-05
0.000176192	1.31131e-05
0.000188828	1.45436e-05
0.000201941	1.40668e-05
0.000214101	1.4782e-05
0.000227929	1.45436e-05
0.000241281	1.59742e-05
0.000253918	1.62126e-05
0.000267269	1.57357e-05
0.000279905	1.6451e-05
0.000292303	1.6451e-05
0.000305893	1.59742e-05
0.000317575	1.74047e-05
0.000328543	1.81199e-05
0.000341179	1.71663e-05
0.000351908	1.71663e-05
0.00036216	1.90736e-05
0.00037265	1.81199e-05
0.000382425	1.81199e-05
0.000392677	1.9312e-05
0.000401499	1.85968e-05
0.000410082	1.90736e-05
0.00041795	1.97889e-05
0.000426533	1.97889e-05
0.000434639	2.0981e-05
0.000440838	2.0981e-05
0.000448229	2.02657e-05
0.000455143	2.02657e-05
0.000461342	2.02657e-05
0.000467064	2.00273e-05
0.000473501	2.02657e-05
0.000477793	2.19346e-05
0.000482799	2.2173e-05
0.000487806	2.24115e-05
0.000492815	2.0981e-05
0.000497106	2.14578e-05
0.000500444	2.14578e-05
0.000504736	2.12194e-05
0.000509266	2.14578e-05
0.000512127	2.26499e-05
0.000514749	2.26499e-05
0.000519041	2.19346e-05
0.000521425	2.19346e-05
0.000523571	2.31267e-05
0.000526194	2.19346e-05
0.000527862	2.19346e-05
0.00052977	2.26499e-05
0.000530723	2.36036e-05
0.000532631	2.24115e-05
0.000532869	2.26499e-05
0.0005343	2.24115e-05
0.000534061	2.26499e-05
0.000533823	2.36036e-05
0.0005343	2.24115e-05
0.000534061	2.26499e-05
0.000533108	2.2173e-05
0.000531916	2.26499e-05
0.000529531	2.26499e-05
0.000527386	2.26499e-05
0.000525717	2.26499e-05
0.00052214	2.36036e-05
0.000519279	2.33651e-05
0.000514988	2.24115e-05
0.000510696	2.31267e-05
0.000506643	2.24115e-05
0.00050116	2.24115e-05
0.000495199	2.26499e-05
0.000488762	2.26499e-05
0.000480654	2.33651e-05
0.000474455	2.2173e-05
0.000465157	2.33651e-05
0.000455858	2.19346e-05
0.000447752	2.16962e-05
0.000436785	2.26499e-05
0.000426771	2.16962e-05
0.000414612	2.19346e-05
0.000403883	2.14578e-05
0.000390293	2.14578e-05
0.000378134	2.0981e-05
0.000364305	2.0981e-05
0.000351431	2.07425e-05
0.000337364	2.02657e-05
0.000322821	2.00273e-05
0.000307085	2.05041e-05
0.000291349	1.9312e-05
0.000276329	2.02657e-05
0.00025964	1.90736e-05
0.000244619	1.9312e-05
0.000228644	1.97889e-05
0.000212909	1.85968e-05
0.000198365	1.81199e-05
0.000183106	1.9312e-05
0.000168801	1.76431e-05
0.000155211	1.83583e-05
0.000140668	1.81199e-05
0.000127793	1.81199e-05
0.000115633	1.81199e-05
0.000104428	1.69278e-05
9.48911e-05	1.6451e-05
8.51159e-05	1.6451e-05
7.58176e-05	1.66894e-05
6.8665e-05	1.74047e-05
6.15125e-05	1.71663e-05
5.50749e-05	1.59742e-05
5.00681e-05	1.6451e-05
4.6015e-05	1.57357e-05
4.10082e-05	1.57357e-05
3.83856e-05	1.59742e-05
3.52862e-05	1.66894e-05
3.26636e-05	1.57357e-05
3.00409e-05	1.69278e-05
2.76567e-05	1.6451e-05
2.62262e-05	1.62126e-05
2.47956e-05	1.6451e-05
2.24115e-05	1.62126e-05
2.26499e-05	1.59742e-05
2.14578e-05	1.6451e-05
2.19346e-05	1.54973e-05
2.26499e-05	1.54973e-05
2.45572e-05	1.54973e-05
2.59877e-05	1.59742e-05
2.81335e-05	1.62126e-05
3.26636e-05	1.62126e-05
3.62399e-05	1.6451e-05
4.14851e-05	1.59742e-05
4.74455e-05	1.66894e-05
5.45981e-05	1.66894e-05
6.24661e-05	1.6451e-05
7.22413e-05	1.74047e-05
8.15396e-05	1.76431e-05
9.29837e-05	1.71663e-05
0.000104666	1.71663e-05
0.000116587	1.74047e-05
0.000129939	1.76431e-05
0.000142814	1.85968e-05
0.000157596	1.78815e-05
0.000172139	1.83583e-05
0.000186683	1.85968e-05
0.000201465	1.95504e-05
0.000216485	1.88352e-05
0.000231267	1.90736e-05
0.00024748	2.02657e-05
0.000264646	1.97889e-05
0.000280382	1.97889e-05
0.000296118	2.0981e-05
0.000313284	2.0981e-05
0.000329735	2.05041e-05
0.000346901	2.19346e-05
0.000363352	2.14578e-05
0.000380756	2.12194e-05
0.000397684	2.26499e-05
0.000414135	2.16962e-05
0.000430109	2.26499e-05
0.000446321	2.33651e-05
0.000463726	2.36036e-05
0.000479462	2.31267e-05
0.000493769	2.31267e-05
0.000510458	2.45572e-05
0.000525001	2.36036e-05
0.00054026	2.45572e-05
0.000554327	2.3842e-05
0.000567917	2.52725e-05
0.00058103	2.50341e-05
0.00059605	2.43188e-05
0.000608686	2.47956e-05
0.000621561	2.43188e-05
0.000633005	2.57493e-05
0.000643734	2.55109e-05
0.000656132	2.62262e-05
0.000666622	2.64646e-05
0.000677112	2.59877e-05
0.000687126	2.62262e-05
0.000695471	2.6703e-05
0.000705007	2.59877e-05
0.000713114	2.76567e-05
0.000722412	2.76567e-05
0.000731234	2.64646e-05
0.000738148	2.76567e-05
0.000744823	2.64646e-05
0.000753168	2.74183e-05
0.000759844	2.71798e-05
0.000766519	2.71798e-05
0.00077248	2.74183e-05
0.000779156	2.71798e-05
0.000784401	2.78951e-05
0.000788931	2.76567e-05
0.00079513	2.74183e-05
0.000800613	2.78951e-05
0.000803951	2.78951e-05
0.000808481	2.76567e-05
0.000813249	2.74183e-05
0.000818972	2.86103e-05
0.000821594	2.86103e-05
0.000826124	2.76567e-05
0.000829224	2.76567e-05
0.000833277	2.74183e-05
0.000836138	2.81335e-05
0.000840429	2.81335e-05
0.000843529	2.86103e-05
0.000846628	2.81335e-05
0.000850681	2.86103e-05
0.000854257	3.00409e-05
0.000856642	2.93256e-05
0.000858787	2.9564e-05
0.000862364	2.90872e-05
0.000866178	2.81335e-05
0.000868324	2.98024e-05
0.000870947	3.05178e-05
0.000874523	3.02793e-05
0.00087643	2.88488e-05
0.000879768	2.86103e-05
0.000882629	2.86103e-05
0.000886682	2.86103e-05
0.000889305	2.98024e-05
0.000891928	2.88488e-05
0.000896458	2.9564e-05
0.00089908	2.86103e-05
0.000900988	2.83719e-05
0.000905041	2.90872e-05
0.000908379	2.93256e-05
0.00091267	2.93256e-05
0.000915293	2.90872e-05
0.000918631	2.88488e-05
0.00092173	2.86103e-05
0.000924591	2.93256e-05
0.000929121	2.90872e-05
0.000932459	2.86103e-05
0.000936989	2.90872e-05
0.000940327	2.90872e-05
0.000944857	2.88488e-05
0.000947241	2.83719e-05
0.000950579	3.02793e-05
0.000955347	2.93256e-05
0.000958446	2.98024e-05
0.000963215	3.02793e-05
0.000966791	3.00409e-05
0.000970606	2.98024e-05
0.000973705	3.00409e-05
0.000977762	3.02793e-05
0.000981577	2.98024e-05
0.000986584	2.93256e-05
0.000989445	2.98024e-05
0.000993736	3.02793e-05
0.000997312	3.02793e-05
0.000999935	2.90872e-05
0.0010028	3.02793e-05
0.00100709	2.86103e-05
0.00101043	2.9564e-05
0.00101376	2.93256e-05
0.00101567	3.00409e-05
0.00101949	2.98024e-05
0.00102306	2.98024e-05
0.00102425	2.93256e-05
0.00102664	2.90872e-05
0.00102998	2.88488e-05
0.00103212	3.02793e-05
0.00103403	2.9564e-05
0.00103546	2.9564e-05
0.00103665	3.02793e-05
0.00103761	3.02793e-05
0.00104023	3.19483e-05
0.00104047	3.17099e-05
0.00104047	2.98024e-05
0.00104214	3.12331e-05
0.00104023	3.02793e-05
0.00103999	3.17099e-05
0.00103999	3.05178e-05
0.0010388	3.14715e-05
0.00103761	2.93256e-05
0.00103689	3.05178e-05
0.00103427	3.09946e-05
0.00103093	3.05178e-05
0.00102831	3.07562e-05
0.00102378	3.05178e-05
0.00102187	2.98024e-05
0.00101639	3.00409e-05
0.00101186	2.93256e-05
0.00100756	3.02793e-05
0.00100041	3.05178e-05
0.000995882	3.14715e-05
0.000987299	3.05178e-05
0.000980623	3.14715e-05
0.00097299	3.09946e-05
0.000965599	2.98024e-05
0.000956777	3.09946e-05
0.00094581	3.09946e-05
0.000935797	3.19483e-05
0.000926975	3.12331e-05
0.000915531	3.24252e-05
0.000902895	3.17099e-05
0.000890974	3.05178e-05
0.000879291	3.09946e-05
0.000864271	3.05178e-05
0.000851158	3.05178e-05
0.000837091	3.14715e-05
0.000821356	3.14715e-05
0.000807527	3.24252e-05
0.0007906	3.12331e-05
0.00077391	3.17099e-05
0.000755314	3.09946e-05
0.00073934	3.05178e-05
0.000720743	3.07562e-05
0.000702146	3.09946e-05
0.000682596	3.09946e-05
0.000662807	3.17099e-05
0.000643257	3.17099e-05
0.000623468	3.24252e-05
0.000601295	3.17099e-05
0.000582222	3.26636e-05
0.000561003	3.21867e-05
0.000539783	3.17099e-05
0.000519518	3.14715e-05
0.00049806	3.17099e-05
0.000476839	3.21867e-05
0.000455381	3.24252e-05
0.000435116	3.14715e-05
0.000412943	3.12331e-05
0.000392439	3.26636e-05
0.000372889	3.2902e-05
0.000352146	3.2902e-05
0.000332119	3.2902e-05
0.000312807	3.17099e-05
0.000293734	3.26636e-05
0.000275375	3.19483e-05
0.000257971	3.31404e-05
0.000238658	3.21867e-05
0.000223161	3.26636e-05
0.000205518	3.21867e-05
0.000190974	3.24252e-05
0.000175954	3.2902e-05
0.000160457	3.24252e-05
0.000147344	3.2902e-05
0.000134946	3.24252e-05
0.000123025	3.31404e-05
0.000111342	3.31404e-05
0.000101805	3.31404e-05
9.17916e-05	3.19483e-05
8.32085e-05	3.2902e-05
7.46255e-05	3.26636e-05
6.72345e-05	3.31404e-05
6.03201e-05	3.26636e-05
5.24523e-05	3.24252e-05
4.81608e-05	3.19483e-05
4.24387e-05	3.26636e-05
3.74319e-05	3.26636e-05
3.31404e-05	3.26636e-05
3.02793e-05	3.31404e-05
2.57493e-05	3.31404e-05
2.28883e-05	3.26636e-05
2.0981e-05	3.31404e-05
1.85968e-05	3.26636e-05
1.66894e-05	3.24252e-05
1.45436e-05	3.31404e-05
1.31131e-05	3.21867e-05
1.23978e-05	3.33788e-05
1.04905e-05	3.36173e-05
1.04905e-05	3.19483e-05
8.58313e-06	3.24252e-05
9.05996e-06	3.31404e-05
7.86787e-06	3.26636e-05
7.86787e-06	3.26636e-05
7.15259e-06	3.36173e-05
5.96049e-06	3.33788e-05
6.67575e-06	3.21867e-05
6.43733e-06	3.33788e-05
5.48366e-06	3.31404e-05
4.7684e-06	3.2902e-05
5.48366e-06	3.26636e-05
4.29156e-06	3.21867e-05
4.29156e-06	3.33788e-05
4.29156e-06	3.24252e-05
4.29156e-06	3.26636e-05
3.33787e-06	3.33788e-05
3.09946e-06	3.31404e-05
4.05314e-06	3.2902e-05
4.05314e-06	3.31404e-05
2.86104e-06	3.31404e-05
3.81473e-06	3.24252e-05
4.29156e-06	3.33788e-05
3.81473e-06	3.31404e-05
3.57629e-06	3.31404e-05
4.7684e-06	3.21867e-05
4.52998e-06	3.26636e-05
5.00682e-06	3.26636e-05
4.7684e-06	3.24252e-05
6.43733e-06	3.21867e-05
7.15259e-06	3.31404e-05
6.43733e-06	3.24252e-05
7.62945e-06	3.21867e-05
9.05996e-06	3.31404e-05
1.09673e-05	3.19483e-05
1.21594e-05	3.19483e-05
1.43052e-05	3.31404e-05
1.71663e-05	3.19483e-05
1.83583e-05	3.26636e-05
2.26499e-05	3.26636e-05
2.59877e-05	3.2902e-05
2.9564e-05	3.33788e-05
3.38557e-05	3.33788e-05
3.8624e-05	3.24252e-05
4.36308e-05	3.2902e-05
4.93529e-05	3.31404e-05
5.69823e-05	3.26636e-05
6.41351e-05	3.2902e-05
7.1526e-05	3.31404e-05
8.10628e-05	3.31404e-05
9.01227e-05	3.31404e-05
9.89442e-05	3.31404e-05
0.000109435	3.26636e-05
0.000120402	3.21867e-05
0.000133277	3.19483e-05
0.000144959	3.26636e-05
0.000158072	3.26636e-05
0.000172616	3.19483e-05
0.000186921	3.19483e-05
0.000202895	3.2902e-05
0.000219108	3.19483e-05
0.000234366	3.21867e-05
0.000251772	3.24252e-05
0.000270369	3.24252e-05
0.000288488	3.24252e-05
0.000305893	3.26636e-05
0.000326158	3.14715e-05
0.000345709	3.24252e-05
0.000365259	3.24252e-05
0.000385286	3.19483e-05
0.000405313	3.14715e-05
0.000427725	3.07562e-05
0.000448467	3.05178e-05
0.000470879	3.02793e-05
0.000493292	3.07562e-05
0.000514988	2.98024e-05
0.000538114	2.98024e-05
0.000559334	3.14715e-05
0.000581745	3.02793e-05
0.00060511	2.98024e-05
0.000628714	2.98024e-05
0.000652317	2.86103e-05
0.000676159	2.93256e-05
0.000699047	3.02793e-05
0.000722889	2.88488e-05
0.000745777	2.86103e-05
0.000768188	2.81335e-05
0.000790123	2.86103e-05
0.000813249	2.98024e-05
0.000835899	2.9564e-05
0.000857595	2.86103e-05
0.00088096	2.93256e-05
0.000902418	2.86103e-05
0.00092316	2.86103e-05
0.000945095	2.76567e-05
0.000967029	2.74183e-05
0.000987299	2.76567e-05
0.0010078	2.69414e-05
0.00102831	2.74183e-05
0.00104786	2.62262e-05
0.00106812	2.76567e-05
0.00108672	2.71798e-05
0.00110555	2.69414e-05
0.00112391	2.55109e-05
0.00114227	2.57493e-05
0.00116039	2.59877e-05
0.00117756	2.69414e-05
0.00119496	2.55109e-05
0.0012126	2.45572e-05
0.0012281	2.59877e-05
0.00124384	2.50341e-05
0.00125957	2.57493e-05
0.00127459	2.64646e-05
0.00128985	2.69414e-05
0.00130463	2.57493e-05
0.00131727	2.52725e-05
0.00133134	2.64646e-05
0.00134469	2.59877e-05
0.0013578	2.47956e-05
0.00137091	2.62262e-05
0.0013814	2.43188e-05
0.00139309	2.47956e-05
0.00140548	2.43188e-05
0.00141764	2.47956e-05
0.00142694	2.40804e-05
0.00143743	2.43188e-05
0.00144697	2.31267e-05
0.00145627	2.43188e-05
0.00146747	2.62262e-05
0.00147558	2.31267e-05
0.00148416	2.47956e-05
0.00149322	2.52725e-05
0.00150109	2.55109e-05
0.00150729	2.43188e-05
0.00151611	2.47956e-05
0.00152303	2.43188e-05
0.00153089	2.55109e-05
0.00153757	2.47956e-05
0.00154186	2.31267e-05
0.0015483	2.26499e-05
0.00155378	2.31267e-05
0.00155879	2.36036e-05
0.00156475	2.40804e-05
0.00157023	2.36036e-05
0.00157333	2.43188e-05
0.00157834	2.52725e-05
0.00158239	2.3842e-05
0.00158525	2.36036e-05
0.00158954	2.24115e-05
0.00159264	2.33651e-05
0.00159694	2.40804e-05
0.00159908	2.45572e-05
0.00160027	2.3842e-05
0.00160266	2.33651e-05
0.00160456	2.26499e-05
0.00160671	2.31267e-05
0.00160862	2.14578e-05
0.00160957	2.24115e-05
0.00161172	2.16962e-05
0.00161196	2.12194e-05
0.00161291	2.2173e-05
0.00161362	2.19346e-05
0.0016141	2.31267e-05
0.00161434	2.33651e-05
0.0016141	2.36036e-05
0.0016141	2.40804e-05
0.00161362	2.36036e-05
0.0016141	2.43188e-05
0.00161315	2.64646e-05
0.001611	2.36036e-05
0.00161005	2.24115e-05
0.00160909	2.2173e-05
0.00160647	2.2173e-05
0.00160576	2.2173e-05
0.00160385	2.31267e-05
0.00160194	2.36036e-05
0.00159908	2.19346e-05
0.0015986	2.31267e-05
0.00159503	2.33651e-05
0.00159217	2.40804e-05
0.00159026	2.40804e-05
0.00158764	2.19346e-05
0.00158382	2.0981e-05
0.0015812	2.19346e-05
0.00157953	2.47956e-05
0.00157667	2.31267e-05
0.00157214	2.36036e-05
0.00156856	2.31267e-05
0.0015657	2.24115e-05
0.00156141	2.43188e-05
0.00155736	2.16962e-05
0.0015533	2.36036e-05
0.00155068	2.31267e-05
0.00154496	2.02657e-05
0.00154138	2.31267e-05
0.00153781	2.59877e-05
0.00153161	2.43188e-05
0.00152851	2.36036e-05
0.00152469	2.33651e-05
0.00151945	2.59877e-05
0.00151468	2.43188e-05
0.00151015	2.55109e-05
0.00150514	2.43188e-05
0.00150133	2.55109e-05
0.0014968	2.47956e-05
0.00149132	2.43188e-05
0.00148607	2.52725e-05
0.00148178	2.31267e-05
0.00147701	2.52725e-05
0.00147224	2.26499e-05
0.00146795	2.3842e-05
0.00146342	2.33651e-05
0.00145674	2.36036e-05
0.00145293	2.36036e-05
0.00144816	2.47956e-05
0.00144316	2.36036e-05
0.00143791	2.36036e-05
0.00143314	2.47956e-05
0.00142813	2.59877e-05
0.00142313	2.64646e-05
0.00141907	2.69414e-05
0.00141454	2.76567e-05
0.00140978	2.69414e-05
0.00140429	2.71798e-05
0.0014	2.6703e-05
0.00139547	2.64646e-05
0.00139142	2.64646e-05
0.00138713	2.6703e-05
0.00138307	2.59877e-05
0.00137759	2.74183e-05
0.0013733	2.55109e-05
0.00136948	2.69414e-05
0.00136448	2.52725e-05
0.00136066	2.64646e-05
0.00135637	2.69414e-05
0.00135232	2.6703e-05
0.0013485	2.64646e-05
0.00134469	2.74183e-05
0.00134111	2.64646e-05
0.00133754	2.83719e-05
0.00133253	2.74183e-05
0.00133014	2.78951e-05
0.00132633	2.78951e-05
0.00132371	2.88488e-05
0.00131965	2.64646e-05
0.00131775	2.59877e-05
0.00131346	2.69414e-05
0.00131059	2.52725e-05
0.00130726	2.57493e-05
0.00130559	2.71798e-05
0.00130296	2.71798e-05
0.00130058	2.71798e-05
0.00129867	2.78951e-05
0.00129462	2.69414e-05
0.00129367	2.62262e-05
0.00129081	2.57493e-05
0.00129081	2.64646e-05
0.00128794	2.59877e-05
0.00128675	2.71798e-05
0.00128413	2.55109e-05
0.00128246	2.47956e-05
0.00128151	2.55109e-05
0.00128079	2.74183e-05
0.00128008	2.88488e-05
0.00127912	2.62262e-05
0.00127912	2.59877e-05
0.00127722	2.78951e-05
0.00127745	2.76567e-05
0.0012765	2.62262e-05
0.00127722	2.69414e-05
0.00127674	2.59877e-05
0.00127698	2.62262e-05
0.00127769	2.52725e-05
0.00127722	2.69414e-05
0.00127793	2.47956e-05
0.0012796	2.45572e-05
0.00128008	2.69414e-05
0.00128246	2.64646e-05
0.00128246	2.62262e-05
0.00128461	2.47956e-05
0.00128461	2.50341e-05
0.00128723	2.59877e-05
0.00128914	2.59877e-05
0.00129176	2.64646e-05
0.00129414	2.74183e-05
0.00129653	2.6703e-05
0.00129867	2.43188e-05
0.00130153	2.50341e-05
0.00130225	2.19346e-05
0.0013063	2.36036e-05
0.00130964	2.26499e-05
0.00131179	2.31267e-05
0.00131679	2.43188e-05
0.00131846	2.26499e-05
0.00132228	2.33651e-05
0.00132728	2.31267e-05
0.00133062	2.28883e-05
0.00133634	2.40804e-05
0.00133944	2.3842e-05
0.00134421	2.26499e-05
0.00134874	2.36036e-05
0.00135375	2.26499e-05
0.00135804	2.31267e-05
0.00136376	2.31267e-05
0.00136829	2.40804e-05
0.00137473	2.36036e-05
0.00137926	2.2173e-05
0.00138474	2.2173e-05
0.00139118	2.28883e-05
0.00139643	2.0981e-05
0.00140405	2.14578e-05
0.00140811	2.24115e-05
0.00141502	2.19346e-05
0.00142265	2.3842e-05
0.00142766	2.24115e-05
0.00143529	2.24115e-05
0.0014422	2.16962e-05
0.00144959	2.2173e-05
0.00145722	2.05041e-05
0.00146342	2.00273e-05
0.001472	2.26499e-05
0.00147939	1.95504e-05
0.00148679	1.81199e-05
0.0014937	1.85968e-05
0.00150109	1.76431e-05
0.00150967	1.9312e-05
0.00151754	2.07425e-05
0.00152684	2.02657e-05
0.00153304	1.9312e-05
0.00154281	1.81199e-05
0.00154997	1.6451e-05
0.00156141	1.6451e-05
0.00156928	1.9312e-05
0.00157786	1.74047e-05
0.00158788	1.71663e-05
0.00159646	1.62126e-05
0.00160504	1.4782e-05
0.0016141	1.78815e-05
0.00162268	1.66894e-05
0.00163151	1.50204e-05
0.00164247	1.38283e-05
0.0016501	1.33515e-05
0.00166178	1.59742e-05
0.00167013	1.52589e-05
0.00168134	1.4782e-05
0.00168801	1.38283e-05
0.00170017	1.45436e-05
0.00170899	1.33515e-05
0.00172115	1.23978e-05
0.00173045	1.21594e-05
0.00173951	1.38283e-05
0.00175143	1.40668e-05
0.00175906	1.26362e-05
0.00177027	9.77522e-06
0.0017798	1.14442e-05
0.00179101	1.26362e-05
0.00180031	1.14442e-05
0.00181103	1.21594e-05
0.00182105	9.29838e-06
0.00183106	9.77522e-06
0.0018406	1.04905e-05
0.00185037	8.58313e-06
0.0018611	8.10629e-06
0.00187159	9.29838e-06
0.00188041	9.5368e-06
0.00189138	6.43733e-06
0.0019002	8.10629e-06
0.00191117	7.15259e-06
0.00192238	8.10629e-06
0.00193311	1.00136e-05
0.00194217	8.10629e-06
0.00195266	6.43733e-06
0.00196125	6.43733e-06
0.00197126	8.10629e-06
0.00198366	8.58313e-06
0.001992	5.48366e-06
0.00200178	6.43733e-06
0.00201155	7.86787e-06
0.0020218	8.82155e-06
0.00203182	6.43733e-06
0.00204159	5.24524e-06
0.00205065	3.81473e-06
0.00205924	5.48366e-06
0.00207044	2.86104e-06
0.00207926	5.00682e-06
0.00208928	2.14578e-06
0.00209953	2.14578e-06
0.00210573	1.43052e-06
0.00211741	9.53682e-07
0.00212742	6.43733e-06
0.00213529	9.53682e-07
0.00214292	7.15259e-06
0.00215365	-6.91417e-06
0.00216271	-4.29156e-06
0.00217225	-5.00682e-06
0.00218107	-9.53682e-07
0.00218774	0
0.00219776	-1.66894e-06
0.00220443	-4.76841e-07
0.00221612	9.53682e-07
0.00222231	1.43052e-06
0.00223137	-1.66894e-06
0.00223877	-1.43052e-06
0.00224806	-2.3842e-06
0.00225522	-7.15259e-07
0.00226475	1.66894e-06
0.00227262	-2.14578e-06
0.00228073	-2.62262e-06
0.00228883	-3.57629e-06
0.00229575	-2.3842e-06
0.00230457	-7.15259e-07
0.00231148	-2.62262e-06
0.00231887	-2.14578e-06
0.00232483	-2.14578e-06
0.00233461	-4.7684e-06
0.00234272	-2.3842e-06
0.00234844	-7.39101e-06
0.00235511	-6.91417e-06
0.00236346	-6.19891e-06
0.00236966	-5.00682e-06
0.00237657	-1.66894e-06
0.00238468	-1.1921e-06
0.00239159	-4.52998e-06
0.00239684	-4.52998e-06
0.00240375	-4.7684e-06
0.00241067	-4.05314e-06
0.00241543	-5.96049e-06
0.00242378	-6.91417e-06
0.00242974	-8.58313e-06
0.00243713	-6.67575e-06
0.00244094	-7.86787e-06
0.00244762	-8.10629e-06
0.00245358	-6.67575e-06
0.00246073	-8.34471e-06
0.00246622	-7.62945e-06
0.00247313	-6.19891e-06
0.00247838	-6.67575e-06
0.00248171	-1.02521e-05
0.00249006	-6.67575e-06
0.00249459	-6.67575e-06
0.00249936	-7.86787e-06
0.00250484	-8.10629e-06
0.00250961	-8.58313e-06
0.00251438	-1.00136e-05
0.00252177	-9.5368e-06
0.00252582	-1.02521e-05
0.00253059	-7.86787e-06
0.0025356	-1.02521e-05
0.00254156	-9.5368e-06
0.00254466	-8.34471e-06
0.00255062	-8.82155e-06
0.00255586	-9.05996e-06
0.00255944	-9.05996e-06
0.00256492	-9.5368e-06
0.00256802	-7.39101e-06
0.00257351	-7.15259e-06
0.00257732	-1.09673e-05
0.0025828	-1.1921e-05
0.00258709	-6.67575e-06
0.00258996	-9.77522e-06
0.00259353	-1.07289e-05
0.00259735	-8.58313e-06
0.00260259	-1.07289e-05
0.0026076	-8.34471e-06
0.00261189	-5.72208e-06
0.00261427	-7.39101e-06
0.00261833	-9.5368e-06
0.0026231	-9.77522e-06
0.0026262	-5.72208e-06
0.00263073	-6.67575e-06
0.00263239	-1.07289e-05
0.00263573	-1.26362e-05
0.00263907	-7.86787e-06
0.00264241	-9.29838e-06
0.00264646	-9.29838e-06
0.00265004	-9.29838e-06
0.00265171	-9.5368e-06
0.00265409	-1.02521e-05
0.00265934	-1.02521e-05
0.00266244	-1.21594e-05
0.0026641	-1.16826e-05
0.00266673	-1.12057e-05
0.00266959	-1.09673e-05
0.00267126	-1.12057e-05
0.00267412	-1.1921e-05
0.0026765	-1.00136e-05
0.00268103	-9.05996e-06
0.00268127	-1.14442e-05
0.00268508	-8.34471e-06
0.00268604	-1.28747e-05
0.0026889	-1.00136e-05
0.00268866	-1.26362e-05
0.00269105	-1.09673e-05
0.00269534	-1.00136e-05
0.00269581	-8.82155e-06
0.00269867	-8.34471e-06
0.00269844	-9.05996e-06
0.00269963	-9.5368e-06
0.00270011	-1.35899e-05
0.00270273	-1.12057e-05
0.00270511	-8.58313e-06
0.0027063	-9.5368e-06
0.0027063	-1.12057e-05
0.00270773	-1.09673e-05
0.00270869	-1.04905e-05
0.00270702	-1.09673e-05
0.0027106	-1.02521e-05
0.0027094	-1.04905e-05
0.00270988	-1.26362e-05
0.00270988	-1.33515e-05
0.00270988	-1.23978e-05
0.00271083	-8.82155e-06
0.00271083	-9.05996e-06
0.0027106	-1.00136e-05
0.00270821	-1.00136e-05
0.00270869	-8.34471e-06
0.00270845	-1.04905e-05
0.0027094	-5.48366e-06
0.00270726	-7.86787e-06
0.00270607	-9.5368e-06
0.00270392	-1.21594e-05
0.00270416	-1.16826e-05
0.00270392	-1.12057e-05
0.00270225	-7.62945e-06
0.00270058	-5.48366e-06
0.00269653	-8.10629e-06
0.0026951	-8.82155e-06
0.00269248	-8.34471e-06
0.00268985	-7.15259e-06
0.0026889	-6.19891e-06
0.00268628	-7.62945e-06
0.00268127	-9.05996e-06
0.00268055	-8.58313e-06
0.00267793	-5.72208e-06
0.00267293	-9.5368e-06
0.00266911	-6.67575e-06
0.00266506	-8.10629e-06
0.00266124	-3.57629e-06
0.00265838	-5.00682e-06
0.00265409	-6.19891e-06
0.00265028	-2.86104e-06
0.00264479	-3.81473e-06
0.00263859	-5.96049e-06
0.00263478	-4.29156e-06
0.00262667	-6.19891e-06
0.00262143	-5.72208e-06
0.00261523	-5.00682e-06
0.00260927	-5.72208e-06
0.00260378	-5.96049e-06
0.00259639	-3.33787e-06
0.00258924	-2.86104e-06
0.00258304	-3.09946e-06
0.00257374	-4.29156e-06
0.00256754	-3.33787e-06
0.00255705	-2.3842e-06
0.00254823	-2.86104e-06
0.00254108	-3.57629e-06
0.0025325	1.90736e-06
0.00252368	2.3842e-06
0.00251342	1.43052e-06
0.00250413	1.43052e-06
0.00249149	4.29156e-06
0.00248243	4.7684e-06
0.00247051	2.14578e-06
0.00246002	2.14578e-06
0.00244762	2.3842e-06
0.00243618	4.52998e-06
0.00242449	5.72208e-06
0.00241162	3.33787e-06
0.00239874	5.24524e-06
0.00238492	7.86787e-06
0.00237228	1.02521e-05
0.00235726	9.5368e-06
0.0023451	1.04905e-05
0.00233008	9.77522e-06
0.00231196	1.02521e-05
0.00229694	1.26362e-05
0.00228144	1.26362e-05
0.00226547	1.16826e-05
0.00224878	1.14442e-05
0.00223471	1.4782e-05
0.00221373	1.71663e-05
0.00219657	1.52589e-05
0.00217845	1.62126e-05
0.00216128	1.38283e-05
0.00214244	1.74047e-05
0.00212361	1.9312e-05
0.00210215	2.02657e-05
0.00208212	2.07425e-05
0.00206257	2.16962e-05
0.00204279	2.26499e-05
0.00202014	2.19346e-05
0.00199963	2.19346e-05
0.00197603	2.47956e-05
0.00195624	2.52725e-05
0.00193048	2.81335e-05
0.00190879	2.74183e-05
0.00188471	2.86103e-05
0.00186134	2.98024e-05
0.00183774	3.19483e-05
0.00181461	3.36173e-05
0.0017891	3.48093e-05
0.00176383	3.55246e-05
0.00173808	3.67167e-05
0.00171138	3.50478e-05
0.00168634	3.91009e-05
0.00166012	4.17235e-05
0.00163484	4.19619e-05
0.00160528	4.12466e-05
0.00158025	4.22003e-05
0.00155164	4.41077e-05
0.00152612	4.69687e-05
0.0014968	4.67303e-05
0.00147129	4.81608e-05
0.00144006	5.03066e-05
0.00141478	5.00681e-05
0.00138522	5.19755e-05
0.00135828	5.53133e-05
0.00132848	5.41213e-05
0.00129963	5.57902e-05
0.00127149	5.86512e-05
0.00124479	5.9128e-05
0.00121547	5.96049e-05
0.00118638	6.0797e-05
0.00115944	6.24661e-05
0.00113059	6.38966e-05
0.00110126	6.53272e-05
0.00107194	6.53272e-05
0.00104547	6.79498e-05
0.0010171	6.72345e-05
0.000989921	6.79498e-05
0.000961307	7.00955e-05
0.000934605	7.17645e-05
0.000906233	7.41486e-05
0.000878099	7.46255e-05
0.000853542	7.67712e-05
0.000825886	7.70097e-05
0.000801567	7.79633e-05
0.000774149	7.96323e-05
0.000747923	7.96323e-05
0.00072575	8.1778e-05
0.000696424	8.22549e-05
0.000676636	8.3447e-05
0.000648025	8.41622e-05
0.000628475	8.58312e-05
0.000601295	8.58312e-05
0.000582222	8.72617e-05
0.000557426	8.96459e-05
0.000536446	9.03611e-05
0.000514511	8.98843e-05
0.000494722	9.13148e-05
0.000472547	9.27453e-05
0.000453474	9.3699e-05
0.000434877	9.48911e-05
0.000415804	9.56063e-05
0.000396492	9.46526e-05
0.000379326	9.67984e-05
0.000361206	9.67984e-05
0.000343563	9.84673e-05
0.000328304	9.84673e-05
0.00031233	9.96594e-05
0.000296356	0.000100136
0.000281097	0.000100375
0.000267984	0.000102282
0.000252726	0.000102759
0.000240088	0.000102044
0.000226975	0.000102759
0.000215054	0.000103713
0.000201941	0.000103713
0.000191928	0.000104428
0.000180007	0.000104666
0.00017047	0.000105143
0.00015998	0.000105381
0.000150443	0.000107289
0.000140906	0.000107289
0.000133277	0.000106574
0.000124932	0.000106812
0.000117302	0.000108481
0.000108481	0.000108719
0.00010252	0.000108243
9.60832e-05	0.000109435
8.84538e-05	0.000108481
8.36854e-05	0.000108958
7.67712e-05	0.000109673
7.20029e-05	0.000110388
6.67577e-05	0.000110627
6.36582e-05	0.000109673
5.72207e-05	0.000110865
5.36444e-05	0.000110627
5.0545e-05	0.000110627
4.76839e-05	0.00011158
4.29156e-05	0.000111819
4.10082e-05	0.00011158
3.69551e-05	0.000111104
3.45709e-05	0.000111819
3.19483e-05	0.00011158
3.02793e-05	0.00011158
2.86103e-05	0.000112772
2.52725e-05	0.000111819
2.52725e-05	0.00011158
2.26499e-05	0.000113011
2.07425e-05	0.000111819
1.97889e-05	0.000111819
1.85968e-05	0.000112772
1.71663e-05	0.000112296
1.59742e-05	0.000113249
1.54973e-05	0.000112772
1.4782e-05	0.000112057
1.38283e-05	0.000112296
1.31131e-05	0.000112772
1.35899e-05	0.000113488
1.26362e-05	0.000113488
1.26362e-05	0.000112534
1.23978e-05	0.000113488
1.14442e-05	0.000113249
1.09673e-05	0.000112296
1.02521e-05	0.000112296
1.09673e-05	0.000112296
1.02521e-05	0.000113011
9.29838e-06	0.000113488
1.02521e-05	0.000113488
9.77522e-06	0.000112772
9.29838e-06	0.000113488
1.02521e-05	0.000112296
9.77522e-06	0.000112772
8.58313e-06	0.000113488
9.77522e-06	0.000112296
9.5368e-06	0.000113488
9.5368e-06	0.000113488
9.29838e-06	0.000112772
9.29838e-06	0.000113011
9.29838e-06	0.000113488
8.58313e-06	0.000113488
9.5368e-06	0.000112772
9.29838e-06	0.000113488
8.34471e-06	0.000113011
8.58313e-06	0.000113488
9.5368e-06	0.000113249
8.58313e-06	0.000113249
8.10629e-06	0.000112772
9.29838e-06	0.000113726
8.82155e-06	0.000113488
8.82155e-06	0.000112296
8.10629e-06	0.000113488
8.58313e-06	0.000113249
8.82155e-06	0.000112772
8.82155e-06	0.000112772
9.29838e-06	0.000113011
8.34471e-06	0.000112296
7.86787e-06	0.000112772
8.58313e-06	0.00011158
8.58313e-06	0.00011158
7.15259e-06	0.000111342
8.34471e-06	0.000110627
7.62945e-06	0.000111104
7.62945e-06	0.00011015
8.58313e-06	0.00011015
8.82155e-06	0.000111104
8.34471e-06	0.00011015
7.39101e-06	0.000111104
7.62945e-06	0.000111104
7.62945e-06	0.000109911
7.62945e-06	0.00011015
8.82155e-06	0.000110627
7.86787e-06	0.000110388
8.34471e-06	0.000109911
8.58313e-06	0.000110865
8.58313e-06	0.000109911
7.62945e-06	0.000109911
8.82155e-06	0.00011015
8.10629e-06	0.000110627
7.86787e-06	0.000110865
7.62945e-06	0.000109435
8.58313e-06	0.00011015
7.62945e-06	0.00011015
7.86787e-06	0.00011015
8.58313e-06	0.00011015
8.58313e-06	0.00011015
7.62945e-06	0.000109435
7.62945e-06	0.000109673
7.62945e-06	0.000110627
8.10629e-06	0.000109673
8.82155e-06	0.000109435
8.82155e-06	0.000110627
7.62945e-06	0.00011015
8.82155e-06	0.000109673
8.34471e-06	0.000110627
7.86787e-06	0.000109673
7.62945e-06	0.000109911
8.34471e-06	0.00011015
8.34471e-06	0.000110627
7.62945e-06	0.000109435
7.62945e-06	0.000110627
8.58313e-06	0.00011015
8.82155e-06	0.000109911
8.82155e-06	0.000109911
8.34471e-06	0.000109911
7.62945e-06	0.000109435
8.10629e-06	0.000109435
8.58313e-06	0.000110865
8.58313e-06	0.00011015
7.62945e-06	0.00011015
8.58313e-06	0.000109673
8.82155e-06	0.000110627
7.86787e-06	0.000109435
8.82155e-06	0.00011015
8.82155e-06	0.000109673
8.10629e-06	0.000110627
8.10629e-06	0.000109435
9.05996e-06	0.000109435
7.86787e-06	0.000110627
8.58313e-06	0.000109911
8.58313e-06	0.000109911
8.58313e-06	0.000109911
7.62945e-06	0.000110865
9.05996e-06	0.000109435
8.10629e-06	0.00011015
8.34471e-06	0.000110627
8.82155e-06	0.000109435
8.10629e-06	0.000110627
8.10629e-06	0.000109673
9.29838e-06	0.000110627
9.05996e-06	0.000110627
7.86787e-06	0.000110627
9.05996e-06	0.00011015
8.82155e-06	0.000109911
8.82155e-06	0.000109911
9.05996e-06	0.000109435
9.05996e-06	0.000109435
8.34471e-06	0.000110388
9.5368e-06	0.000110388
9.29838e-06	0.000109673
9.5368e-06	0.000110627
9.77522e-06	0.000110627
9.05996e-06	0.00011015
1.04905e-05	0.00011015
1.02521e-05	0.00011015
9.5368e-06	0.000109673
1.07289e-05	0.000110627
1.00136e-05	0.000110388
1.14442e-05	0.00011015
1.14442e-05	0.000109911
1.21594e-05	0.000109673
1.23978e-05	0.000109673
1.21594e-05	0.00011015
1.38283e-05	0.00011015
1.38283e-05	0.00011015
1.45436e-05	0.000110627
1.62126e-05	0.000109911
1.6451e-05	0.000110388
1.71663e-05	0.000109435
1.9312e-05	0.000109435
1.97889e-05	0.000109435
2.02657e-05	0.00011015
2.36036e-05	0.000109435
2.43188e-05	0.000109673
2.64646e-05	0.00011015
2.86103e-05	0.000109435
3.12331e-05	0.000108719
3.31404e-05	0.000109673
3.48093e-05	0.000108481
3.8624e-05	0.000108958
4.12466e-05	0.000108481
4.43461e-05	0.000109196
4.76839e-05	0.000108481
5.10218e-05	0.000108243
5.38828e-05	0.000108004
5.88896e-05	0.000107289
6.27046e-05	0.000107289
6.84266e-05	0.000108243
7.20029e-05	0.000108004
7.84402e-05	0.000106812
8.39238e-05	0.000106812
8.96459e-05	0.000107289
9.58447e-05	0.00010562
0.000101328	0.000105858
0.000110388	0.000106335
0.000115633	0.000104905
0.000124932	0.000105143
0.000131608	0.000104428
0.000141145	0.000104666
0.000149966	0.000104428
0.000159503	0.000103474
0.000168324	0.000102997
0.00017953	0.00010252
0.000190259	0.000102759
0.000200273	0.000101805
0.000211955	0.000100613
0.000223876	0.000100136
0.000237943	0.000100136
0.000250103	9.91826e-05
0.000264646	9.9421e-05
0.000276806	9.79905e-05
0.000291349	9.72752e-05
0.000307323	9.67984e-05
0.000322105	9.60832e-05
0.000338318	9.53679e-05
0.000354292	9.39374e-05
0.000371935	9.39374e-05
0.000389101	9.29837e-05
0.000406982	9.29837e-05
0.000425817	9.15532e-05
0.00044346	9.03611e-05
0.000463726	9.03611e-05
0.000485422	8.89306e-05
0.000504021	8.77385e-05
0.000525478	8.65464e-05
0.000545029	8.58312e-05
0.000569347	8.53543e-05
0.000588659	8.3447e-05
0.000614647	8.22549e-05
0.000633005	8.1778e-05
0.000659946	8.03475e-05
0.000679974	7.96323e-05
0.000708822	7.86786e-05
0.000731472	7.74865e-05
0.000757221	7.67712e-05
0.000782494	7.46255e-05
0.000805143	7.41486e-05
0.000836615	7.20029e-05
0.000857595	7.10492e-05
0.000889782	6.98571e-05
0.000908855	6.91419e-05
0.000942949	6.81882e-05
0.00096393	6.67577e-05
0.000999935	6.65192e-05
0.00102258	6.34198e-05
0.00105286	6.27046e-05
0.00107766	6.17509e-05
0.00110746	5.98433e-05
0.00113464	5.79359e-05
0.00116659	5.69823e-05
0.00119329	5.60286e-05
0.0012219	5.65054e-05
0.00125314	5.50749e-05
0.0012796	5.14986e-05
0.00131346	5.03066e-05
0.00133897	4.86376e-05
0.00137139	4.69687e-05
0.00139762	4.50613e-05
0.00142837	4.48229e-05
0.00145841	4.29156e-05
0.00148726	4.10082e-05
0.0015185	4.05314e-05
0.00154591	3.93393e-05
0.00157667	3.8624e-05
0.00160695	3.5763e-05
0.00163508	3.48093e-05
0.00166512	3.43325e-05
0.00169087	3.14715e-05
0.00172258	3.09946e-05
0.0017531	3.00409e-05
0.00177909	2.83719e-05
0.0018096	2.76567e-05
0.00183726	2.71798e-05
0.00186754	2.50341e-05
0.00189496	2.33651e-05
0.00192548	2.0981e-05
0.00194741	2.02657e-05
0.00198342	1.95504e-05
0.00200392	1.90736e-05
0.00203754	1.66894e-05
0.00205757	1.71663e-05
0.0020888	1.35899e-05
0.00211383	1.14442e-05
0.00214244	1.14442e-05
0.00216509	9.5368e-06
0.00219275	6.43733e-06
0.00221707	9.5368e-06
0.00223948	5.24524e-06
0.00226738	2.62262e-06
0.00229074	2.14578e-06
0.00231577	1.1921e-06
0.00233842	-1.43052e-06
0.00236394	-3.33787e-06
0.00238539	-4.52998e-06
0.00241233	-4.52998e-06
0.0024326	-5.00682e-06
0.00245716	-8.34471e-06
0.00247575	-8.34471e-06
0.00250079	-6.67575e-06
0.00252129	-6.91417e-06
0.00254299	-9.77522e-06
0.00256135	-1.14442e-05
0.00258328	-1.26362e-05
0.00260545	-1.16826e-05
0.0026231	-1.50204e-05
0.00264288	-1.40668e-05
0.00266172	-1.66894e-05
0.00268222	-1.71663e-05
0.00270034	-1.83583e-05
0.00271823	-1.81199e-05
0.00273491	-1.88352e-05
0.00275399	-2.02657e-05
0.00277187	-1.97889e-05
0.00278665	-1.97889e-05
0.00280406	-2.3842e-05
0.00282098	-2.24115e-05
0.00283672	-2.33651e-05
0.00285174	-2.33651e-05
0.00286795	-2.3842e-05
0.00288107	-2.12194e-05
0.00289823	-2.3842e-05
0.00291063	-2.55109e-05
0.00292327	-2.45572e-05
0.0029359	-2.55109e-05
0.00295259	-2.40804e-05
0.00296403	-2.64646e-05
0.00297667	-2.74183e-05
0.00298668	-2.55109e-05
0.00300004	-2.78951e-05
0.00301029	-2.76567e-05
0.00302245	-2.78951e-05
0.00303556	-2.6703e-05
0.00304414	-2.83719e-05
0.0030544	-2.69414e-05
0.00306322	-3.09946e-05
0.00307561	-2.86103e-05
0.00308372	-2.9564e-05
0.00309445	-2.74183e-05
0.00310136	-2.93256e-05
0.00311042	-3.02793e-05
0.00311925	-3.36173e-05
0.00313045	-3.31404e-05
0.00313546	-3.2902e-05
0.00314523	-3.21867e-05
0.00315119	-3.26636e-05
0.00315882	-3.40941e-05
0.00316574	-3.17099e-05
0.00317432	-3.21867e-05
0.00318076	-3.19483e-05
0.00318696	-3.50478e-05
0.00319196	-3.2902e-05
0.00319959	-3.38557e-05
0.00320269	-3.55246e-05
0.00321008	-3.12331e-05
0.00321509	-3.31404e-05
0.00321819	-3.38557e-05
0.00322415	-3.36173e-05
0.00322987	-3.2902e-05
0.00323631	-3.12331e-05
0.00323798	-3.38557e-05
0.00324251	-3.52862e-05
0.00324632	-3.55246e-05
0.00325133	-3.21867e-05
0.00325562	-3.67167e-05
0.00325944	-3.50478e-05
0.00326277	-3.50478e-05
0.00326349	-3.48093e-05
0.00326826	-3.36173e-05
0.00327326	-3.12331e-05
0.00327326	-3.31404e-05
0.00327636	-3.33788e-05
0.00328113	-3.07562e-05
0.0032828	-3.21867e-05
0.00328471	-3.48093e-05
0.00328518	-3.50478e-05
0.00328781	-3.33788e-05
0.00329138	-3.19483e-05
0.00329353	-3.19483e-05
0.00329615	-3.38557e-05
0.00329544	-3.45709e-05
0.00329806	-3.43325e-05
0.00329973	-3.17099e-05
0.0033014	-3.2902e-05
0.00330044	-3.52862e-05
0.0033014	-3.38557e-05
0.00330259	-3.38557e-05
0.00330545	-3.38557e-05
0.00330807	-2.9564e-05
0.00330545	-3.26636e-05
0.0033064	-3.2902e-05
0.0033076	-3.38557e-05
0.00330926	-3.19483e-05
0.00331022	-3.21867e-05
0.00330974	-3.26636e-05
0.00330974	-3.09946e-05
0.00330998	-3.45709e-05
0.00331093	-3.17099e-05
0.00331308	-3.00409e-05
0.00331093	-3.09946e-05
0.0033107	-3.43325e-05
0.0033126	-3.00409e-05
0.0033126	-3.02793e-05
0.00331141	-3.17099e-05
0.00331093	-3.21867e-05
0.00331046	-3.2902e-05
0.00331093	-3.00409e-05
0.00331189	-2.9564e-05
0.00331165	-2.93256e-05
0.00331022	-3.17099e-05
0.00330926	-3.2902e-05
0.00330879	-3.12331e-05
0.00330783	-3.2902e-05
0.00330736	-3.12331e-05
0.00330855	-2.9564e-05
0.0033064	-3.12331e-05
0.00330664	-3.21867e-05
0.00330593	-2.9564e-05
0.0033064	-3.00409e-05
0.00330307	-3.24252e-05
0.00330259	-3.12331e-05
0.00330307	-2.83719e-05
0.00330259	-2.9564e-05
0.00330187	-3.00409e-05
0.00330092	-2.81335e-05
0.00329782	-3.12331e-05
0.00329877	-3.14715e-05
0.00329806	-2.88488e-05
0.00329877	-2.86103e-05
0.00329544	-2.69414e-05
0.00329424	-2.88488e-05
0.00329424	-2.6703e-05
0.00329377	-2.78951e-05
0.0032921	-2.9564e-05
0.00329067	-2.93256e-05
0.00328924	-2.81335e-05
0.00328971	-2.86103e-05
0.00328733	-2.71798e-05
0.00328638	-2.78951e-05
0.00328542	-3.02793e-05
0.00328685	-2.74183e-05
0.0032859	-2.78951e-05
0.00328232	-2.93256e-05
0.00328089	-2.93256e-05
0.0032797	-2.71798e-05
0.00327994	-2.86103e-05
0.00327851	-2.9564e-05
0.00327922	-2.6703e-05
0.00327565	-2.55109e-05
0.00327422	-2.88488e-05
0.00327374	-2.9564e-05
0.00327398	-2.59877e-05
0.00327422	-2.69414e-05
0.00327183	-2.74183e-05
0.00327064	-2.59877e-05
0.00326754	-2.88488e-05
0.00326826	-2.71798e-05
0.0032685	-2.40804e-05
0.00326492	-2.47956e-05
0.00326373	-2.9564e-05
0.00326277	-2.93256e-05
0.00326301	-2.64646e-05
0.00326206	-2.78951e-05
0.00326206	-2.62262e-05
0.00326063	-2.6703e-05
0.00325991	-2.81335e-05
0.00326039	-2.83719e-05
0.00326277	-2.76567e-05
0.00326253	-2.40804e-05
0.00326182	-2.57493e-05
0.00326087	-2.78951e-05
0.00325991	-2.78951e-05
0.00325991	-2.62262e-05
0.00326206	-2.64646e-05
0.00326277	-2.62262e-05
0.00325991	-2.93256e-05
0.00325944	-2.71798e-05
0.00326039	-2.9564e-05
0.00326206	-2.81335e-05
0.00326206	-2.88488e-05
0.0032611	-2.59877e-05
0.00326206	-2.81335e-05
0.00326039	-3.00409e-05
0.00326087	-2.88488e-05
0.0032611	-2.83719e-05
0.00326015	-2.76567e-05
0.00326015	-2.71798e-05
0.00326134	-2.62262e-05
0.00326039	-2.62262e-05
0.00326182	-2.64646e-05
0.00326253	-2.74183e-05
0.00325944	-2.81335e-05
0.00325967	-2.69414e-05
0.00326206	-2.86103e-05
0.00326158	-2.76567e-05
0.0032611	-2.62262e-05
0.00326134	-2.71798e-05
0.00326039	-2.78951e-05
0.00325991	-2.93256e-05
0.00325967	-2.55109e-05
0.00326206	-2.88488e-05
0.00325991	-3.00409e-05
0.00326015	-2.83719e-05
0.0032611	-2.88488e-05
0.00326277	-2.55109e-05
0.00326134	-2.78951e-05
0.00326206	-2.57493e-05
0.00326158	-2.62262e-05
0.00326158	-2.88488e-05
0.00326015	-2.64646e-05
