9.851120e-02 9.848070e-02 
9.854940e-02 9.849980e-02 
9.845780e-02 9.846930e-02 
9.845020e-02 9.846930e-02 
9.842730e-02 9.842730e-02 
9.845400e-02 9.842730e-02 
9.841970e-02 9.840440e-02 
9.838150e-02 9.831290e-02 
9.830900e-02 9.827090e-02 
9.832430e-02 9.823660e-02 
9.827470e-02 9.825180e-02 
9.817170e-02 9.816790e-02 
9.820990e-02 9.819460e-02 
9.817930e-02 9.810300e-02 
9.814120e-02 9.810690e-02 
9.804960e-02 9.808400e-02 
9.798100e-02 9.800770e-02 
9.796950e-02 9.802290e-02 
9.795430e-02 9.793520e-02 
9.790090e-02 9.785890e-02 
9.783980e-02 9.783600e-02 
9.781310e-02 9.782080e-02 
9.783600e-02 9.781310e-02 
9.778640e-02 9.774830e-02 
9.775590e-02 9.772920e-02 
9.769870e-02 9.762620e-02 
9.762620e-02 9.759190e-02 
9.765670e-02 9.762620e-02 
9.756140e-02 9.757660e-02 
9.758040e-02 9.750410e-02 
9.753850e-02 9.746600e-02 
9.748510e-02 9.749650e-02 
9.744310e-02 9.740110e-02 
9.738970e-02 9.738970e-02 
9.731720e-02 9.731340e-02 
9.728290e-02 9.729810e-02 
9.728290e-02 9.729050e-02 
9.728290e-02 9.728290e-02 
9.723330e-02 9.717990e-02 
9.713790e-02 9.716080e-02 
9.716080e-02 9.709220e-02 
9.713790e-02 9.705780e-02 
9.702350e-02 9.703110e-02 
9.699680e-02 9.705020e-02 
9.699680e-02 9.694720e-02 
9.694720e-02 9.693190e-02 
9.690140e-02 9.686330e-02 
9.689000e-02 9.684420e-02 
9.685180e-02 9.683280e-02 
9.683660e-02 9.675650e-02 
9.676410e-02 9.671070e-02 
9.678320e-02 9.667250e-02 
9.669920e-02 9.670690e-02 
9.668400e-02 9.667250e-02 
9.657720e-02 9.659620e-02 
9.654280e-02 9.653140e-02 
9.651610e-02 9.656190e-02 
9.649320e-02 9.651990e-02 
9.643980e-02 9.649320e-02 
9.637880e-02 9.639410e-02 
9.640930e-02 9.638640e-02 
9.632160e-02 9.631780e-02 
9.628730e-02 9.627200e-02 
9.625670e-02 9.627200e-02 
9.627960e-02 9.621860e-02 
9.619190e-02 9.617660e-02 
9.613850e-02 9.612700e-02 
9.609650e-02 9.609270e-02 
9.606980e-02 9.608130e-02 
9.602790e-02 9.604690e-02 
9.601260e-02 9.602400e-02 
9.598590e-02 9.597060e-02 
9.588290e-02 9.590580e-02 
9.583710e-02 9.584090e-02 
9.583330e-02 9.585240e-02 
9.577230e-02 9.583710e-02 
9.576850e-02 9.579520e-02 
9.576850e-02 9.578750e-02 
9.577990e-02 9.576080e-02 
9.570360e-02 9.563880e-02 
9.560440e-02 9.557390e-02 
9.555860e-02 9.551670e-02 
9.548620e-02 9.545560e-02 
9.546330e-02 9.548230e-02 
9.543280e-02 9.543660e-02 
9.543660e-02 9.536790e-02 
9.536030e-02 9.542130e-02 
9.535650e-02 9.534120e-02 
9.535650e-02 9.538320e-02 
9.535650e-02 9.531450e-02 
9.527640e-02 9.527250e-02 
9.523440e-02 9.519620e-02 
9.513900e-02 9.512000e-02 
9.506650e-02 9.504370e-02 
9.501310e-02 9.503980e-02 
9.497880e-02 9.491010e-02 
9.495210e-02 9.487200e-02 
9.492160e-02 9.484150e-02 
9.489870e-02 9.488340e-02 
9.487580e-02 9.483770e-02 
9.481100e-02 9.481860e-02 
9.480330e-02 9.487200e-02 
9.482620e-02 9.487200e-02 
9.484530e-02 9.484910e-02 
9.484530e-02 9.476520e-02 
9.473850e-02 9.470800e-02 
9.475370e-02 9.472700e-02 
9.467740e-02 9.461640e-02 
9.459730e-02 9.448670e-02 
9.444480e-02 9.447150e-02 
9.436850e-02 9.437990e-02 
9.429980e-02 9.432650e-02 
9.428830e-02 9.420440e-02 
9.419680e-02 9.420060e-02 
9.418920e-02 9.413190e-02 
9.409380e-02 9.406710e-02 
9.405950e-02 9.408240e-02 
9.411290e-02 9.409760e-02 
9.410910e-02 9.409000e-02 
9.408240e-02 9.405570e-02 
9.405570e-02 9.405570e-02 
9.409760e-02 9.409000e-02 
9.413190e-02 9.412810e-02 
9.412810e-02 9.408620e-02 
9.406330e-02 9.407090e-02 
9.407090e-02 9.405570e-02 
9.402510e-02 9.406710e-02 
9.397550e-02 9.396790e-02 
9.396790e-02 9.386490e-02 
9.388400e-02 9.381150e-02 
9.373900e-02 9.368560e-02 
9.366270e-02 9.365890e-02 
9.355590e-02 9.355970e-02 
9.348730e-02 9.344150e-02 
9.336520e-02 9.333090e-02 
9.331180e-02 9.332320e-02 
9.321640e-02 9.324310e-02 
9.319730e-02 9.319350e-02 
9.316300e-02 9.312110e-02 
9.307150e-02 9.306000e-02 
9.304480e-02 9.299520e-02 
9.301040e-02 9.298750e-02 
9.298370e-02 9.295700e-02 
9.292270e-02 9.287310e-02 
9.286930e-02 9.288070e-02 
9.285780e-02 9.286550e-02 
9.292270e-02 9.292650e-02 
9.292650e-02 9.287310e-02 
9.288070e-02 9.288450e-02 
9.292650e-02 9.292270e-02 
9.298370e-02 9.297990e-02 
9.300280e-02 9.299140e-02 
9.296850e-02 9.297230e-02 
9.300660e-02 9.304860e-02 
9.304860e-02 9.307530e-02 
9.306380e-02 9.303330e-02 
9.307150e-02 9.304480e-02 
9.299520e-02 9.299140e-02 
9.300280e-02 9.294940e-02 
9.299140e-02 9.296080e-02 
9.285780e-02 9.288450e-02 
9.277390e-02 9.275870e-02 
9.268240e-02 9.269000e-02 
9.259840e-02 9.257560e-02 
9.251070e-02 9.241150e-02 
9.236960e-02 9.234670e-02 
9.223990e-02 9.221320e-02 
9.219790e-02 9.214070e-02 
9.211400e-02 9.206820e-02 
9.196520e-02 9.191180e-02 
9.188130e-02 9.188130e-02 
9.184690e-02 9.179350e-02 
9.176680e-02 9.168290e-02 
9.163330e-02 9.160660e-02 
9.157230e-02 9.159520e-02 
9.150740e-02 9.148450e-02 
9.149980e-02 9.143500e-02 
9.139680e-02 9.140440e-02 
9.136630e-02 9.136250e-02 
9.133200e-02 9.129000e-02 
9.129380e-02 9.120610e-02 
9.116410e-02 9.114120e-02 
9.119080e-02 9.115650e-02 
9.108020e-02 9.108020e-02 
9.107260e-02 9.104590e-02 
9.102680e-02 9.100010e-02 
9.101920e-02 9.101150e-02 
9.095050e-02 9.094670e-02 
9.095810e-02 9.091620e-02 
9.089330e-02 9.088560e-02 
9.090850e-02 9.094290e-02 
9.093140e-02 9.095050e-02 
9.094670e-02 9.095810e-02 
9.097340e-02 9.094670e-02 
9.096570e-02 9.092000e-02 
9.093520e-02 9.095050e-02 
9.102680e-02 9.099250e-02 
9.103820e-02 9.104970e-02 
9.110690e-02 9.114120e-02 
9.114890e-02 9.112980e-02 
9.118320e-02 9.117940e-02 
9.120230e-02 9.117560e-02 
9.125190e-02 9.120230e-02 
9.122900e-02 9.125570e-02 
9.129000e-02 9.130140e-02 
9.126710e-02 9.128620e-02 
9.125570e-02 9.133200e-02 
9.126330e-02 9.128240e-02 
9.134340e-02 9.129000e-02 
9.129000e-02 9.129000e-02 
9.131670e-02 9.129760e-02 
9.132430e-02 9.126330e-02 
9.130140e-02 9.123660e-02 
9.121750e-02 9.117560e-02 
9.118320e-02 9.110690e-02 
9.114500e-02 9.107260e-02 
9.103820e-02 9.094290e-02 
9.095050e-02 9.082840e-02 
9.077500e-02 9.077880e-02 
9.066440e-02 9.065680e-02 
9.059950e-02 9.053090e-02 
9.039350e-02 9.034780e-02 
9.031340e-02 9.026000e-02 
9.013800e-02 9.007690e-02 
9.001210e-02 8.998540e-02 
8.996250e-02 8.990910e-02 
8.978700e-02 8.979850e-02 
8.974500e-02 8.964590e-02 
8.960390e-02 8.953520e-02 
8.949330e-02 8.942460e-02 
8.943990e-02 8.941320e-02 
8.936740e-02 8.932540e-02 
8.927580e-02 8.917280e-02 
8.913850e-02 8.909650e-02 
8.908890e-02 8.904310e-02 
8.904700e-02 8.899740e-02 
8.899350e-02 8.896680e-02 
8.891340e-02 8.884100e-02 
8.887150e-02 8.877990e-02 
8.882570e-02 8.878760e-02 
8.872270e-02 8.873800e-02 
8.869980e-02 8.864260e-02 
8.861970e-02 8.863120e-02 
8.861210e-02 8.858920e-02 
8.855870e-02 8.854340e-02 
8.845570e-02 8.846330e-02 
8.842900e-02 8.843660e-02 
8.842130e-02 8.838320e-02 
8.831070e-02 8.829930e-02 
8.828400e-02 8.828020e-02 
8.825350e-02 8.821920e-02 
8.818100e-02 8.819250e-02 
8.817340e-02 8.810470e-02 
8.813910e-02 8.804750e-02 
8.805510e-02 8.804370e-02 
8.797120e-02 8.795210e-02 
8.795600e-02 8.789870e-02 
8.788350e-02 8.784150e-02 
8.781480e-02 8.782630e-02 
8.780340e-02 8.780340e-02 
8.773470e-02 8.772330e-02 
8.764700e-02 8.762410e-02 
8.760120e-02 8.763170e-02 
8.760120e-02 8.751340e-02 
8.752490e-02 8.748670e-02 
8.749820e-02 8.742190e-02 
8.745240e-02 8.739140e-02 
8.740660e-02 8.732650e-02 
8.731130e-02 8.728080e-02 
8.724640e-02 8.722350e-02 
8.723120e-02 8.725400e-02 
8.721970e-02 8.719300e-02 
8.719680e-02 8.712820e-02 
8.710530e-02 8.709760e-02 
8.714720e-02 8.712430e-02 
8.710530e-02 8.711670e-02 
8.709000e-02 8.704040e-02 
8.702900e-02 8.705950e-02 
8.709000e-02 8.707090e-02 
8.707090e-02 8.709000e-02 
8.703280e-02 8.706710e-02 
8.703660e-02 8.705570e-02 
8.705570e-02 8.709380e-02 
8.714720e-02 8.710150e-02 
8.717390e-02 8.714720e-02 
8.715870e-02 8.721210e-02 
8.719680e-02 8.725400e-02 
8.728840e-02 8.728840e-02 
8.732650e-02 8.732270e-02 
8.736470e-02 8.738370e-02 
8.744480e-02 8.751340e-02 
8.753630e-02 8.754780e-02 
8.755160e-02 8.755160e-02 
8.763170e-02 8.762030e-02 
8.767370e-02 8.772710e-02 
8.774610e-02 8.772330e-02 
8.776520e-02 8.778050e-02 
8.779190e-02 8.781860e-02 
8.784910e-02 8.781860e-02 
8.786060e-02 8.791020e-02 
8.788730e-02 8.793690e-02 
8.789110e-02 8.788350e-02 
8.795210e-02 8.795210e-02 
8.796360e-02 8.797120e-02 
8.793690e-02 8.795210e-02 
8.790250e-02 8.792540e-02 
8.796360e-02 8.795600e-02 
8.794070e-02 8.793690e-02 
8.792160e-02 8.791020e-02 
8.797880e-02 8.797880e-02 
8.793690e-02 8.794450e-02 
8.797120e-02 8.793690e-02 
8.792920e-02 8.796360e-02 
8.794450e-02 8.798270e-02 
8.797500e-02 8.796360e-02 
8.796740e-02 8.797880e-02 
8.797120e-02 8.798650e-02 
8.797880e-02 8.795600e-02 
8.791780e-02 8.791780e-02 
8.791400e-02 8.795980e-02 
8.795210e-02 8.796360e-02 
8.789490e-02 8.788350e-02 
8.790640e-02 8.792920e-02 
8.791020e-02 8.791400e-02 
8.785300e-02 8.783010e-02 
8.779570e-02 8.776900e-02 
8.781480e-02 8.778050e-02 
8.776140e-02 8.770420e-02 
8.766600e-02 8.762030e-02 
8.760880e-02 8.750200e-02 
8.746000e-02 8.744100e-02 
8.737990e-02 8.729980e-02 
8.725020e-02 8.725020e-02 
8.717390e-02 8.705190e-02 
8.698320e-02 8.692980e-02 
8.690690e-02 8.683440e-02 
8.676200e-02 8.668950e-02 
8.654450e-02 8.652540e-02 
8.644150e-02 8.638810e-02 
8.627370e-02 8.622030e-02 
8.615160e-02 8.605620e-02 
8.593030e-02 8.591890e-02 
8.585020e-02 8.571290e-02 
8.564810e-02 8.559470e-02 
8.553740e-02 8.540770e-02 
8.537720e-02 8.532000e-02 
8.522460e-02 8.515210e-02 
8.510640e-02 8.506060e-02 
8.498050e-02 8.487750e-02 
8.488130e-02 8.479740e-02 
8.475160e-02 8.471350e-02 
8.465620e-02 8.453800e-02 
8.453800e-02 8.443500e-02 
8.438540e-02 8.439300e-02 
8.433580e-02 8.424040e-02 
8.420990e-02 8.420610e-02 
8.415270e-02 8.410690e-02 
8.400770e-02 8.401160e-02 
8.396200e-02 8.393910e-02 
8.389710e-02 8.380170e-02 
8.382460e-02 8.372930e-02 
8.374450e-02 8.365300e-02 
8.363010e-02 8.365300e-02 
8.361480e-02 8.358430e-02 
8.355380e-02 8.351560e-02 
8.342790e-02 8.340880e-02 
8.344700e-02 8.334020e-02 
8.337450e-02 8.332870e-02 
8.331350e-02 8.324100e-02 
8.322950e-02 8.326390e-02 
8.323340e-02 8.316850e-02 
8.320280e-02 8.311130e-02 
8.309600e-02 8.309980e-02 
8.310750e-02 8.304260e-02 
8.305790e-02 8.302350e-02 
8.299300e-02 8.301210e-02 
8.299680e-02 8.300450e-02 
8.300450e-02 8.297010e-02 
8.293200e-02 8.292060e-02 
8.292060e-02 8.294340e-02 
8.285950e-02 8.285950e-02 
8.285570e-02 8.283660e-02 
8.282140e-02 8.284040e-02 
8.286710e-02 8.282520e-02 
8.281370e-02 8.279850e-02 
8.281760e-02 8.283280e-02 
8.283280e-02 8.277560e-02 
8.276030e-02 8.278320e-02 
8.276800e-02 8.279850e-02 
8.278700e-02 8.281370e-02 
8.280610e-02 8.280610e-02 
8.273740e-02 8.274510e-02 
8.273360e-02 8.273360e-02 
8.279090e-02 8.272980e-02 
8.276030e-02 8.278700e-02 
8.272600e-02 8.274510e-02 
8.277940e-02 8.272220e-02 
8.276800e-02 8.277560e-02 
8.272220e-02 8.272220e-02 
8.275270e-02 8.274130e-02 
8.277560e-02 8.271460e-02 
8.277560e-02 8.273360e-02 
8.277560e-02 8.270690e-02 
8.271840e-02 8.274890e-02 
8.276410e-02 8.276410e-02 
8.276410e-02 8.275650e-02 
8.271070e-02 8.271460e-02 
8.269930e-02 8.276030e-02 
8.269170e-02 8.274510e-02 
8.271840e-02 8.268020e-02 
8.273360e-02 8.268790e-02 
8.271840e-02 8.270310e-02 
8.271840e-02 8.271070e-02 
8.268790e-02 8.268020e-02 
8.268020e-02 8.264590e-02 
8.264970e-02 8.262300e-02 
8.264970e-02 8.265350e-02 
8.258490e-02 8.261540e-02 
8.262680e-02 8.262680e-02 
8.261920e-02 8.256580e-02 
8.258100e-02 8.252760e-02 
8.250860e-02 8.254670e-02 
8.250860e-02 8.251240e-02 
8.247420e-02 8.244370e-02 
8.247420e-02 8.245130e-02 
8.245900e-02 8.243610e-02 
8.237890e-02 8.234450e-02 
8.235980e-02 8.236360e-02 
8.229110e-02 8.229880e-02 
8.226060e-02 8.222630e-02 
8.225300e-02 8.218430e-02 
8.221860e-02 8.219190e-02 
8.212710e-02 8.215760e-02 
8.206990e-02 8.205080e-02 
8.207370e-02 8.205460e-02 
8.198980e-02 8.197070e-02 
8.191730e-02 8.195540e-02 
8.186770e-02 8.189060e-02 
8.183720e-02 8.179520e-02 
8.182190e-02 8.178380e-02 
8.171130e-02 8.167700e-02 
8.164260e-02 8.162360e-02 
8.163120e-02 8.155110e-02 
8.153200e-02 8.149770e-02 
8.152060e-02 8.148240e-02 
8.144810e-02 8.142140e-02 
8.133750e-02 8.129930e-02 
8.128020e-02 8.124970e-02 
8.123060e-02 8.121160e-02 
8.112380e-02 8.108570e-02 
8.107040e-02 8.105520e-02 
8.100560e-02 8.095220e-02 
8.092930e-02 8.093310e-02 
8.085680e-02 8.086060e-02 
8.084540e-02 8.075380e-02 
8.070800e-02 8.067750e-02 
8.064320e-02 8.061270e-02 
8.062030e-02 8.058210e-02 
8.057070e-02 8.052110e-02 
8.043720e-02 8.041050e-02 
8.037230e-02 8.039140e-02 
8.033040e-02 8.026930e-02 
8.027700e-02 8.025030e-02 
8.019300e-02 8.014350e-02 
8.015110e-02 8.011670e-02 
8.004430e-02 8.000610e-02 
7.997940e-02 7.998700e-02 
7.995650e-02 7.988020e-02 
7.986500e-02 7.981920e-02 
7.978110e-02 7.981160e-02 
7.978490e-02 7.973910e-02 
7.972000e-02 7.968570e-02 
7.967040e-02 7.958650e-02 
7.959030e-02 7.953690e-02 
7.954840e-02 7.946060e-02 
7.946830e-02 7.940720e-02 
7.943010e-02 7.938810e-02 
7.938050e-02 7.932330e-02 
7.932710e-02 7.924320e-02 
7.922030e-02 7.920500e-02 
7.921270e-02 7.914400e-02 
7.917070e-02 7.911350e-02 
7.907150e-02 7.903720e-02 
7.901430e-02 7.899900e-02 
7.898380e-02 7.899520e-02 
7.892660e-02 7.888080e-02 
7.887320e-02 7.888460e-02 
7.888080e-02 7.885030e-02 
7.878540e-02 7.875110e-02 
7.878920e-02 7.873960e-02 
7.873960e-02 7.869770e-02 
7.864050e-02 7.867100e-02 
7.864050e-02 7.863280e-02 
7.854510e-02 7.853360e-02 
7.851840e-02 7.853750e-02 
7.850310e-02 7.848790e-02 
7.842680e-02 7.843070e-02 
7.840010e-02 7.836200e-02 
7.833530e-02 7.837340e-02 
7.831620e-02 7.828950e-02 
7.829710e-02 7.827040e-02 
7.822080e-02 7.820940e-02 
7.822080e-02 7.821320e-02 
7.819030e-02 7.814070e-02 
7.811400e-02 7.813310e-02 
7.807970e-02 7.808730e-02 
7.809500e-02 7.806830e-02 
7.803390e-02 7.799580e-02 
7.796910e-02 7.796530e-02 
7.796910e-02 7.792330e-02 
7.795380e-02 7.787750e-02 
7.788520e-02 7.784700e-02 
7.786230e-02 7.785840e-02 
7.782030e-02 7.781650e-02 
7.779740e-02 7.777450e-02 
7.775550e-02 7.776690e-02 
7.774020e-02 7.772870e-02 
7.773260e-02 7.769060e-02 
7.766770e-02 7.762580e-02 
7.765630e-02 7.765630e-02 
7.765250e-02 7.760670e-02 
7.760290e-02 7.755710e-02 
7.758380e-02 7.753040e-02 
7.756470e-02 7.753420e-02 
7.749990e-02 7.751130e-02 
7.747320e-02 7.745410e-02 
7.750370e-02 7.748460e-02 
7.749610e-02 7.748460e-02 
7.746170e-02 7.746170e-02 
7.745410e-02 7.739690e-02 
7.738540e-02 7.743880e-02 
7.741590e-02 7.742360e-02 
7.737400e-02 7.735490e-02 
7.734730e-02 7.740830e-02 
7.739690e-02 7.735110e-02 
7.739310e-02 7.737400e-02 
7.738160e-02 7.732440e-02 
7.739690e-02 7.738540e-02 
7.739310e-02 7.733200e-02 
7.733960e-02 7.737020e-02 
7.739310e-02 7.735870e-02 
7.735110e-02 7.737020e-02 
7.737400e-02 7.742740e-02 
7.740830e-02 7.738540e-02 
7.739690e-02 7.741980e-02 
7.746930e-02 7.748080e-02 
7.745410e-02 7.750370e-02 
7.749990e-02 7.748840e-02 
7.752280e-02 7.756850e-02 
7.758380e-02 7.759140e-02 
7.757230e-02 7.758380e-02 
7.766390e-02 7.767920e-02 
7.767150e-02 7.769060e-02 
7.774400e-02 7.777070e-02 
7.777830e-02 7.778220e-02 
7.780120e-02 7.782030e-02 
7.786230e-02 7.791570e-02 
7.788520e-02 7.792710e-02 
7.797290e-02 7.799580e-02 
7.803390e-02 7.808350e-02 
7.810260e-02 7.811020e-02 
7.811780e-02 7.818650e-02 
7.817510e-02 7.825520e-02 
7.827430e-02 7.829710e-02 
7.832000e-02 7.837720e-02 
7.840390e-02 7.839630e-02 
7.840390e-02 7.843830e-02 
7.848020e-02 7.852220e-02 
7.851840e-02 7.859850e-02 
7.862900e-02 7.864050e-02 
7.863280e-02 7.870530e-02 
7.872060e-02 7.869390e-02 
7.877400e-02 7.876250e-02 
7.878920e-02 7.880070e-02 
7.879690e-02 7.882740e-02 
7.887700e-02 7.885030e-02 
7.891130e-02 7.890750e-02 
7.889220e-02 7.896090e-02 
7.896850e-02 7.897230e-02 
7.898000e-02 7.895330e-02 
7.896850e-02 7.901050e-02 
7.901050e-02 7.899520e-02 
7.900670e-02 7.901050e-02 
7.904100e-02 7.904100e-02 
7.907920e-02 7.906390e-02 
7.909820e-02 7.905240e-02 
7.905630e-02 7.907150e-02 
7.911350e-02 7.910590e-02 
7.911730e-02 7.907920e-02 
7.913640e-02 7.911730e-02 
7.910970e-02 7.910200e-02 
7.909060e-02 7.910200e-02 
7.913640e-02 7.912870e-02 
7.913640e-02 7.914400e-02 
7.912490e-02 7.914400e-02 
7.908300e-02 7.912110e-02 
7.911730e-02 7.913260e-02 
7.915540e-02 7.913260e-02 
7.912490e-02 7.911730e-02 
7.914020e-02 7.911730e-02 
7.913640e-02 7.909060e-02 
7.912110e-02 7.915540e-02 
7.914400e-02 7.909820e-02 
7.909820e-02 7.914020e-02 
7.913260e-02 7.915540e-02 
7.912110e-02 7.909820e-02 
7.909060e-02 7.914400e-02 
7.912110e-02 7.914780e-02 
7.909820e-02 7.912870e-02 
7.914400e-02 7.910970e-02 
7.912110e-02 7.909820e-02 
7.908680e-02 7.912870e-02 
7.915160e-02 7.914400e-02 
7.910970e-02 7.910200e-02 
7.909820e-02 7.908680e-02 
7.909440e-02 7.913260e-02 
7.915930e-02 7.912870e-02 
7.909820e-02 7.911730e-02 
7.909060e-02 7.912490e-02 
7.917830e-02 7.910200e-02 
7.909440e-02 7.912110e-02 
7.914020e-02 7.913640e-02 
7.909820e-02 7.912870e-02 
7.915540e-02 7.911730e-02 
7.913260e-02 7.909820e-02 
7.915160e-02 7.910970e-02 
7.914780e-02 7.914020e-02 
7.911350e-02 7.910970e-02 
7.914780e-02 7.911350e-02 
7.911730e-02 7.910970e-02 
7.914780e-02 7.909060e-02 
7.910200e-02 7.913640e-02 
7.914780e-02 7.909440e-02 
7.910200e-02 7.915540e-02 
7.915160e-02 7.911730e-02 
7.909060e-02 7.911730e-02 
7.909060e-02 7.914780e-02 
7.911350e-02 7.909820e-02 
7.914020e-02 7.909440e-02 
7.915160e-02 7.911730e-02 
7.909060e-02 7.913640e-02 
7.910590e-02 7.914020e-02 
7.909060e-02 7.912110e-02 
7.909440e-02 7.912490e-02 
7.912110e-02 7.910200e-02 
7.909440e-02 7.910970e-02 
7.914400e-02 7.909440e-02 
7.909440e-02 7.909060e-02 
7.912110e-02 7.909060e-02 
7.912110e-02 7.913260e-02 
7.911350e-02 7.910970e-02 
7.915160e-02 7.912490e-02 
7.910200e-02 7.909060e-02 
7.911730e-02 7.910970e-02 
7.908300e-02 7.911730e-02 
7.908300e-02 7.907150e-02 
7.913260e-02 7.907150e-02 
7.906390e-02 7.911350e-02 
7.908680e-02 7.907150e-02 
7.910970e-02 7.905240e-02 
7.906390e-02 7.903720e-02 
7.908300e-02 7.909820e-02 
7.902570e-02 7.907150e-02 
7.905630e-02 7.908300e-02 
7.908300e-02 7.900670e-02 
7.901050e-02 7.907530e-02 
7.901050e-02 7.903720e-02 
7.903340e-02 7.900670e-02 
7.906010e-02 7.903720e-02 
7.904860e-02 7.906010e-02 
7.902570e-02 7.903340e-02 
7.904100e-02 7.903720e-02 
7.901050e-02 7.902190e-02 
7.901050e-02 7.901810e-02 
7.902190e-02 7.906390e-02 
7.901810e-02 7.903720e-02 
7.901050e-02 7.901810e-02 
7.901050e-02 7.904100e-02 
7.902190e-02 7.902190e-02 
7.906390e-02 7.902960e-02 
7.904480e-02 7.905240e-02 
7.902570e-02 7.904860e-02 
7.904480e-02 7.908300e-02 
7.905630e-02 7.903720e-02 
7.903340e-02 7.907530e-02 
7.901430e-02 7.901050e-02 
7.901050e-02 7.901050e-02 
7.903720e-02 7.907920e-02 
7.904480e-02 7.904480e-02 
7.901810e-02 7.904100e-02 
7.908680e-02 7.905240e-02 
7.903720e-02 7.901810e-02 
7.907530e-02 7.908300e-02 
7.902960e-02 7.902190e-02 
7.903720e-02 7.903340e-02 
7.903720e-02 7.907920e-02 
7.905630e-02 7.905630e-02 
7.907920e-02 7.903720e-02 
7.906770e-02 7.908680e-02 
7.902190e-02 7.903720e-02 
7.903340e-02 7.907920e-02 
7.908300e-02 7.903720e-02 
7.902960e-02 7.909060e-02 
7.907920e-02 7.909060e-02 
7.903340e-02 7.907530e-02 
7.906390e-02 7.904860e-02 
7.904860e-02 7.906390e-02 
7.911350e-02 7.906770e-02 
7.906390e-02 7.909060e-02 
7.909060e-02 7.910970e-02 
7.905630e-02 7.906390e-02 
7.905630e-02 7.911350e-02 
7.911730e-02 7.911730e-02 
7.911730e-02 7.910590e-02 
7.906390e-02 7.906390e-02 
7.906010e-02 7.911730e-02 
7.911350e-02 7.906390e-02 
7.911730e-02 7.912110e-02 
7.906390e-02 7.911350e-02 
7.910200e-02 7.911730e-02 
7.911730e-02 7.912490e-02 
7.912870e-02 7.907150e-02 
7.911350e-02 7.907920e-02 
7.911730e-02 7.912490e-02 
7.914020e-02 7.910970e-02 
7.910970e-02 7.907530e-02 
7.912490e-02 7.914400e-02 
7.910590e-02 7.909440e-02 
7.908300e-02 7.914400e-02 
7.910970e-02 7.913640e-02 
7.912870e-02 7.908300e-02 
7.913260e-02 7.912490e-02 
7.914400e-02 7.909440e-02 
7.908680e-02 7.909060e-02 
7.914400e-02 7.909060e-02 
7.912870e-02 7.910970e-02 
7.912490e-02 7.914400e-02 
7.911350e-02 7.911730e-02 
7.914400e-02 7.914400e-02 
7.909440e-02 7.915160e-02 
7.909440e-02 7.914400e-02 
7.915160e-02 7.909820e-02 
7.909440e-02 7.914780e-02 
7.914400e-02 7.910200e-02 
7.909060e-02 7.909060e-02 
7.914400e-02 7.909060e-02 
7.907920e-02 7.909060e-02 
7.914400e-02 7.911350e-02 
7.908680e-02 7.914780e-02 
7.911730e-02 7.914400e-02 
7.910970e-02 7.914400e-02 
7.914780e-02 7.914400e-02 
7.911730e-02 7.908680e-02 
7.907920e-02 7.910590e-02 
7.909440e-02 7.912110e-02 
7.908680e-02 7.911350e-02 
7.909820e-02 7.914780e-02 
7.910200e-02 4.196190e-05 
5.340600e-05 7.629440e-05 
4.196190e-05 6.103560e-05 
4.196190e-05 4.196190e-05 
1.258860e-04 4.959130e-05 
9.155320e-05 1.258860e-04 
1.220710e-04 9.536790e-05 
1.144410e-04 9.536790e-05 
1.029970e-04 5.722070e-05 
4.196190e-05 1.258860e-04 
5.722070e-05 1.144410e-04 
6.485030e-05 1.144410e-04 
4.577660e-05 1.144410e-04 
1.144410e-04 1.258860e-04 
4.577660e-05 1.258860e-04 
8.392380e-05 4.959130e-05 
1.144410e-04 6.485030e-05 
1.029970e-04 4.196190e-05 
1.144410e-04 1.220710e-04 
1.029970e-04 9.155320e-05 
4.577660e-05 5.340600e-05 
6.103560e-05 4.959130e-05 
9.918260e-05 6.485030e-05 
1.106270e-04 8.392380e-05 
7.629440e-05 8.392380e-05 
9.536790e-05 6.103560e-05 
7.629440e-05 4.196190e-05 
4.196190e-05 1.220710e-04 
1.029970e-04 4.577660e-05 
1.144410e-04 1.029970e-04 
5.340600e-05 9.918260e-05 
4.196190e-05 7.629440e-05 
9.918260e-05 7.629440e-05 
4.959130e-05 1.029970e-04 
4.196190e-05 4.196190e-05 
4.959130e-05 4.959130e-05 
8.392380e-05 7.247970e-05 
1.029970e-04 1.220710e-04 
8.392380e-05 1.220710e-04 
4.196190e-05 9.918260e-05 
9.536790e-05 1.106270e-04 
4.959130e-05 5.722070e-05 
6.866500e-05 5.722070e-05 
8.010910e-05 4.196190e-05 
1.182560e-04 7.629440e-05 
4.577660e-05 5.340600e-05 
6.485030e-05 6.866500e-05 
1.106270e-04 4.959130e-05 
9.155320e-05 5.340600e-05 
7.629440e-05 9.155320e-05 
4.959130e-05 5.340600e-05 
4.196190e-05 1.220710e-04 
5.340600e-05 8.392380e-05 
7.629440e-05 1.182560e-04 
1.068120e-04 6.866500e-05 
5.722070e-05 4.196190e-05 
4.196190e-05 4.959130e-05 
7.629440e-05 4.196190e-05 
7.629440e-05 8.010910e-05 
1.220710e-04 5.722070e-05 
7.247970e-05 8.392380e-05 
1.029970e-04 8.392380e-05 
9.918260e-05 4.196190e-05 
3.814720e-05 6.866500e-05 
9.918260e-05 1.144410e-04 
7.247970e-05 6.103560e-05 
7.629440e-05 4.577660e-05 
4.959130e-05 4.196190e-05 
6.866500e-05 1.106270e-04 
8.392380e-05 5.340600e-05 
8.392380e-05 7.629440e-05 
8.773850e-05 7.629440e-05 
8.773850e-05 3.814720e-05 
6.866500e-05 3.814720e-05 
4.959130e-05 8.010910e-05 
1.220710e-04 4.577660e-05 
1.068120e-04 5.722070e-05 
1.029970e-04 1.106270e-04 
1.106270e-04 1.068120e-04 
1.144410e-04 7.247970e-05 
3.814720e-05 3.814720e-05 
4.577660e-05 4.196190e-05 
3.814720e-05 4.196190e-05 
4.959130e-05 8.010910e-05 
1.182560e-04 9.536790e-05 
8.010910e-05 9.155320e-05 
6.866500e-05 6.103560e-05 
9.536790e-05 4.577660e-05 
9.536790e-05 8.010910e-05 
6.866500e-05 9.918260e-05 
4.959130e-05 6.866500e-05 
1.144410e-04 9.155320e-05 
4.577660e-05 4.959130e-05 
1.106270e-04 7.629440e-05 
5.340600e-05 9.918260e-05 
1.106270e-04 6.485030e-05 
6.103560e-05 9.155320e-05 
4.959130e-05 1.068120e-04 
4.196190e-05 1.068120e-04 
9.155320e-05 1.068120e-04 
5.722070e-05 6.866500e-05 
4.196190e-05 4.959130e-05 
3.814720e-05 6.866500e-05 
1.068120e-04 1.029970e-04 
8.773850e-05 5.722070e-05 
4.959130e-05 4.959130e-05 
8.010910e-05 9.155320e-05 
1.182560e-04 9.918260e-05 
6.866500e-05 1.144410e-04 
3.814720e-05 3.814720e-05 
4.196190e-05 4.196190e-05 
1.144410e-04 4.959130e-05 
1.068120e-04 9.536790e-05 
7.247970e-05 6.103560e-05 
1.106270e-04 9.918260e-05 
1.106270e-04 4.959130e-05 
5.340600e-05 3.814720e-05 
4.959130e-05 1.182560e-04 
1.068120e-04 1.029970e-04 
8.392380e-05 7.629440e-05 
8.392380e-05 6.103560e-05 
3.814720e-05 9.536790e-05 
8.392380e-05 1.182560e-04 
9.536790e-05 8.773850e-05 
4.577660e-05 4.959130e-05 
4.959130e-05 3.814720e-05 
1.068120e-04 5.340600e-05 
8.773850e-05 4.196190e-05 
6.866500e-05 7.247970e-05 
4.577660e-05 8.773850e-05 
5.722070e-05 4.959130e-05 
3.814720e-05 8.392380e-05 
1.029970e-04 6.103560e-05 
1.106270e-04 4.577660e-05 
5.722070e-05 6.866500e-05 
4.577660e-05 4.196190e-05 
1.068120e-04 4.196190e-05 
1.029970e-04 9.918260e-05 
1.182560e-04 1.220710e-04 
4.959130e-05 6.103560e-05 
4.196190e-05 1.106270e-04 
1.220710e-04 6.866500e-05 
8.392380e-05 1.220710e-04 
9.155320e-05 4.577660e-05 
7.629440e-05 4.196190e-05 
9.918260e-05 1.068120e-04 
5.722070e-05 1.068120e-04 
1.068120e-04 9.918260e-05 
3.814720e-05 3.814720e-05 
4.959130e-05 8.773850e-05 
7.629440e-05 1.029970e-04 
8.010910e-05 9.536790e-05 
6.866500e-05 5.340600e-05 
4.577660e-05 8.773850e-05 
7.629440e-05 1.029970e-04 
1.106270e-04 4.959130e-05 
7.247970e-05 9.155320e-05 
6.103560e-05 7.247970e-05 
3.814720e-05 9.155320e-05 
6.103560e-05 4.959130e-05 
7.247970e-05 3.814720e-05 
9.918260e-05 6.103560e-05 
1.144410e-04 4.196190e-05 
1.182560e-04 9.536790e-05 
1.068120e-04 8.773850e-05 
9.918260e-05 5.340600e-05 
8.392380e-05 4.959130e-05 
8.773850e-05 7.629440e-05 
1.029970e-04 6.866500e-05 
5.722070e-05 4.196190e-05 
5.722070e-05 8.010910e-05 
9.918260e-05 1.029970e-04 
7.629440e-05 9.155320e-05 
4.959130e-05 5.722070e-05 
4.577660e-05 6.866500e-05 
1.182560e-04 4.577660e-05 
4.959130e-05 1.220710e-04 
4.959130e-05 6.866500e-05 
1.106270e-04 1.029970e-04 
1.144410e-04 1.029970e-04 
7.629440e-05 9.918260e-05 
4.959130e-05 4.959130e-05 
6.103560e-05 1.029970e-04 
1.144410e-04 6.866500e-05 
1.106270e-04 6.866500e-05 
1.182560e-04 1.106270e-04 
8.010910e-05 6.866500e-05 
9.155320e-05 1.029970e-04 
5.722070e-05 1.182560e-04 
4.577660e-05 4.959130e-05 
4.959130e-05 7.629440e-05 
6.485030e-05 1.068120e-04 
9.918260e-05 1.106270e-04 
1.068120e-04 1.106270e-04 
1.182560e-04 1.182560e-04 
4.196190e-05 9.918260e-05 
4.196190e-05 8.010910e-05 
4.959130e-05 9.155320e-05 
3.814720e-05 1.029970e-04 
1.106270e-04 8.773850e-05 
7.629440e-05 8.773850e-05 
5.722070e-05 9.155320e-05 
4.959130e-05 1.029970e-04 
3.814720e-05 3.433250e-05 
8.010910e-05 8.010910e-05 
1.029970e-04 1.029970e-04 
5.722070e-05 4.196190e-05 
8.010910e-05 4.196190e-05 
4.959130e-05 1.106270e-04 
4.196190e-05 5.722070e-05 
4.959130e-05 4.196190e-05 
8.010910e-05 1.029970e-04 
9.155320e-05 8.392380e-05 
7.247970e-05 4.959130e-05 
3.433250e-05 6.866500e-05 
4.196190e-05 1.068120e-04 
1.144410e-04 8.010910e-05 
4.196190e-05 1.029970e-04 
3.814720e-05 6.485030e-05 
1.029970e-04 7.629440e-05 
1.068120e-04 9.536790e-05 
1.182560e-04 4.577660e-05 
4.196190e-05 8.392380e-05 
9.536790e-05 8.773850e-05 
6.485030e-05 5.340600e-05 
4.959130e-05 1.220710e-04 
9.918260e-05 4.959130e-05 
9.155320e-05 5.340600e-05 
1.144410e-04 7.247970e-05 
8.010910e-05 5.340600e-05 
5.722070e-05 1.106270e-04 
1.029970e-04 1.297010e-04 
1.297010e-04 1.029970e-04 
6.103560e-05 6.866500e-05 
5.722070e-05 8.392380e-05 
7.629440e-05 1.182560e-04 
1.106270e-04 1.029970e-04 
1.106270e-04 6.103560e-05 
1.029970e-04 1.106270e-04 
5.340600e-05 6.103560e-05 
1.220710e-04 1.029970e-04 
1.144410e-04 1.144410e-04 
6.866500e-05 9.155320e-05 
1.297010e-04 1.220710e-04 
1.220710e-04 1.220710e-04 
1.106270e-04 6.103560e-05 
1.029970e-04 9.155320e-05 
1.297010e-04 1.258860e-04 
1.220710e-04 5.722070e-05 
1.144410e-04 5.722070e-05 
1.068120e-04 6.103560e-05 
1.029970e-04 9.155320e-05 
1.182560e-04 1.029970e-04 
1.144410e-04 1.258860e-04 
1.258860e-04 1.258860e-04 
1.182560e-04 8.010910e-05 
6.103560e-05 1.106270e-04 
1.182560e-04 7.629440e-05 
5.722070e-05 1.182560e-04 
1.029970e-04 9.536790e-05 
1.258860e-04 1.335150e-04 
9.536790e-05 6.103560e-05 
9.536790e-05 6.103560e-05 
1.258860e-04 1.258860e-04 
7.629440e-05 1.029970e-04 
1.335150e-04 8.392380e-05 
7.629440e-05 1.258860e-04 
1.297010e-04 1.182560e-04 
1.220710e-04 6.866500e-05 
6.103560e-05 6.103560e-05 
6.866500e-05 9.536790e-05 
9.918260e-05 1.258860e-04 
6.103560e-05 1.144410e-04 
7.629440e-05 9.918260e-05 
7.247970e-05 1.258860e-04 
1.297010e-04 1.220710e-04 
8.010910e-05 9.536790e-05 
6.103560e-05 7.247970e-05 
1.029970e-04 8.010910e-05 
9.155320e-05 1.220710e-04 
1.220710e-04 7.247970e-05 
1.297010e-04 7.629440e-05 
6.485030e-05 6.866500e-05 
6.866500e-05 9.918260e-05 
5.722070e-05 1.144410e-04 
1.106270e-04 4.959130e-05 
7.629440e-05 4.959130e-05 
6.866500e-05 7.629440e-05 
4.959130e-05 5.722070e-05 
4.577660e-05 6.485030e-05 
4.577660e-05 9.536790e-05 
1.029970e-04 1.029970e-04 
7.629440e-05 1.029970e-04 
7.247970e-05 7.247970e-05 
1.029970e-04 9.155320e-05 
1.029970e-04 9.918260e-05 
5.340600e-05 6.103560e-05 
4.959130e-05 4.196190e-05 
3.814720e-05 9.536790e-05 
4.959130e-05 1.068120e-04 
9.536790e-05 5.722070e-05 
7.629440e-05 4.196190e-05 
4.577660e-05 8.773850e-05 
9.918260e-05 9.536790e-05 
4.577660e-05 5.340600e-05 
3.051780e-05 3.051780e-05 
9.536790e-05 9.155320e-05 
8.010910e-05 4.959130e-05 
4.577660e-05 5.340600e-05 
3.051780e-05 8.392380e-05 
7.629440e-05 3.814720e-05 
4.577660e-05 9.918260e-05 
5.340600e-05 4.577660e-05 
8.773850e-05 3.051780e-05 
9.536790e-05 9.155320e-05 
8.010910e-05 6.485030e-05 
1.029970e-04 9.536790e-05 
8.773850e-05 8.392380e-05 
5.340600e-05 3.814720e-05 
7.629440e-05 3.051780e-05 
9.155320e-05 4.577660e-05 
1.029970e-04 3.051780e-05 
1.029970e-04 8.010910e-05 
9.918260e-05 9.536790e-05 
1.029970e-04 4.577660e-05 
4.577660e-05 3.814720e-05 
4.196190e-05 1.106270e-04 
9.918260e-05 9.918260e-05 
8.773850e-05 1.106270e-04 
3.814720e-05 1.068120e-04 
4.196190e-05 4.577660e-05 
8.392380e-05 7.629440e-05 
4.196190e-05 5.722070e-05 
1.068120e-04 4.577660e-05 
4.959130e-05 4.577660e-05 
6.103560e-05 1.106270e-04 
1.220710e-04 1.068120e-04 
1.029970e-04 6.485030e-05 
1.220710e-04 1.106270e-04 
1.029970e-04 1.144410e-04 
1.068120e-04 1.182560e-04 
9.536790e-05 7.629440e-05 
1.182560e-04 1.335150e-04 
1.144410e-04 6.866500e-05 
7.629440e-05 1.373300e-04 
7.247970e-05 9.536790e-05 
1.068120e-04 1.029970e-04 
1.029970e-04 9.918260e-05 
1.449590e-04 1.029970e-04 
7.629440e-05 1.258860e-04 
1.297010e-04 1.449590e-04 
1.373300e-04 1.449590e-04 
9.536790e-05 1.449590e-04 
8.392380e-05 9.918260e-05 
9.155320e-05 1.373300e-04 
8.773850e-05 8.773850e-05 
1.564040e-04 1.487740e-04 
1.297010e-04 8.773850e-05 
1.525890e-04 1.564040e-04 
1.411450e-04 1.602180e-04 
9.155320e-05 1.449590e-04 
9.536790e-05 1.297010e-04 
1.182560e-04 1.564040e-04 
9.918260e-05 1.373300e-04 
1.487740e-04 1.258860e-04 
1.335150e-04 9.918260e-05 
1.029970e-04 1.678480e-04 
9.918260e-05 1.640330e-04 
1.144410e-04 1.258860e-04 
1.029970e-04 9.536790e-05 
1.297010e-04 1.411450e-04 
1.029970e-04 1.487740e-04 
1.068120e-04 1.029970e-04 
1.335150e-04 1.564040e-04 
1.144410e-04 1.411450e-04 
9.918260e-05 9.918260e-05 
1.029970e-04 1.487740e-04 
1.564040e-04 1.220710e-04 
1.297010e-04 1.564040e-04 
9.536790e-05 1.487740e-04 
1.678480e-04 1.564040e-04 
9.536790e-05 1.182560e-04 
1.068120e-04 1.335150e-04 
1.640330e-04 1.373300e-04 
1.297010e-04 1.182560e-04 
1.068120e-04 1.487740e-04 
1.068120e-04 1.487740e-04 
9.918260e-05 1.029970e-04 
1.258860e-04 1.144410e-04 
1.564040e-04 1.487740e-04 
1.525890e-04 1.449590e-04 
1.564040e-04 9.155320e-05 
9.918260e-05 1.029970e-04 
1.029970e-04 1.525890e-04 
9.155320e-05 1.106270e-04 
1.487740e-04 9.155320e-05 
1.602180e-04 1.564040e-04 
9.155320e-05 1.297010e-04 
1.335150e-04 1.487740e-04 
9.536790e-05 1.297010e-04 
1.220710e-04 1.564040e-04 
1.029970e-04 1.487740e-04 
9.918260e-05 1.487740e-04 
8.392380e-05 1.029970e-04 
1.411450e-04 1.297010e-04 
1.373300e-04 1.449590e-04 
1.258860e-04 9.155320e-05 
9.918260e-05 1.029970e-04 
1.564040e-04 9.918260e-05 
1.335150e-04 1.068120e-04 
8.392380e-05 1.335150e-04 
1.068120e-04 9.918260e-05 
1.411450e-04 1.297010e-04 
1.449590e-04 1.144410e-04 
1.297010e-04 1.144410e-04 
8.773850e-05 9.536790e-05 
9.918260e-05 1.220710e-04 
1.220710e-04 8.392380e-05 
1.297010e-04 1.373300e-04 
1.487740e-04 9.536790e-05 
1.564040e-04 9.536790e-05 
1.106270e-04 1.029970e-04 
1.297010e-04 1.564040e-04 
1.220710e-04 9.536790e-05 
8.773850e-05 1.373300e-04 
1.449590e-04 1.564040e-04 
1.411450e-04 1.029970e-04 
9.918260e-05 1.373300e-04 
1.487740e-04 8.773850e-05 
-7.629450e-06 9.155320e-05 
1.029970e-04 1.487740e-04 
1.182560e-04 1.411450e-04 
1.525890e-04 1.182560e-04 
1.564040e-04 9.155320e-05 
9.155320e-05 1.602180e-04 
1.068120e-04 1.335150e-04 
9.918260e-05 1.182560e-04 
1.564040e-04 9.536790e-05 
1.564040e-04 1.335150e-04 
1.258860e-04 1.716620e-04 
1.449590e-04 1.564040e-04 
1.029970e-04 1.106270e-04 
1.068120e-04 1.525890e-04 
1.029970e-04 1.068120e-04 
1.335150e-04 1.716620e-04 
1.449590e-04 1.564040e-04 
1.678480e-04 1.182560e-04 
1.068120e-04 1.525890e-04 
1.068120e-04 1.373300e-04 
1.678480e-04 1.068120e-04 
1.068120e-04 1.831060e-04 
1.640330e-04 1.220710e-04 
1.144410e-04 1.182560e-04 
1.564040e-04 1.373300e-04 
1.831060e-04 1.831060e-04 
1.144410e-04 1.182560e-04 
1.258860e-04 1.220710e-04 
1.182560e-04 1.754770e-04 
1.831060e-04 1.869210e-04 
1.716620e-04 1.525890e-04 
1.220710e-04 1.258860e-04 
1.754770e-04 1.373300e-04 
1.258860e-04 1.678480e-04 
1.640330e-04 1.373300e-04 
1.297010e-04 1.716620e-04 
1.869210e-04 1.297010e-04 
1.297010e-04 1.335150e-04 
1.831060e-04 1.907360e-04 
1.335150e-04 1.411450e-04 
1.297010e-04 1.487740e-04 
1.983650e-04 1.869210e-04 
1.335150e-04 1.792920e-04 
1.907360e-04 1.525890e-04 
1.602180e-04 1.373300e-04 
1.449590e-04 1.831060e-04 
1.602180e-04 2.059950e-04 
1.449590e-04 1.564040e-04 
1.945500e-04 1.945500e-04 
1.564040e-04 1.907360e-04 
1.411450e-04 1.831060e-04 
1.678480e-04 1.869210e-04 
1.525890e-04 1.945500e-04 
1.564040e-04 1.411450e-04 
1.564040e-04 1.449590e-04 
1.525890e-04 1.564040e-04 
1.678480e-04 1.487740e-04 
1.487740e-04 1.564040e-04 
1.792920e-04 1.792920e-04 
1.678480e-04 1.831060e-04 
1.525890e-04 1.487740e-04 
1.831060e-04 2.059950e-04 
1.754770e-04 1.678480e-04 
2.136240e-04 2.021800e-04 
2.059950e-04 1.602180e-04 
1.564040e-04 1.716620e-04 
1.831060e-04 2.136240e-04 
1.907360e-04 1.487740e-04 
1.945500e-04 2.059950e-04 
1.907360e-04 1.564040e-04 
1.945500e-04 1.487740e-04 
2.098090e-04 2.059950e-04 
1.945500e-04 1.487740e-04 
2.136240e-04 2.021800e-04 
2.059950e-04 1.983650e-04 
1.602180e-04 1.564040e-04 
2.021800e-04 2.098090e-04 
1.564040e-04 2.059950e-04 
1.678480e-04 2.021800e-04 
1.602180e-04 1.831060e-04 
2.136240e-04 2.098090e-04 
1.564040e-04 2.098090e-04 
1.907360e-04 2.098090e-04 
1.831060e-04 2.021800e-04 
1.831060e-04 1.525890e-04 
1.564040e-04 2.136240e-04 
1.983650e-04 1.602180e-04 
1.869210e-04 1.525890e-04 
2.021800e-04 2.021800e-04 
1.983650e-04 1.525890e-04 
1.487740e-04 1.945500e-04 
1.907360e-04 2.059950e-04 
1.678480e-04 1.754770e-04 
1.983650e-04 2.098090e-04 
1.487740e-04 1.564040e-04 
1.640330e-04 1.487740e-04 
1.831060e-04 1.945500e-04 
2.098090e-04 1.792920e-04 
1.945500e-04 2.098090e-04 
1.716620e-04 2.098090e-04 
2.059950e-04 1.945500e-04 
1.564040e-04 1.487740e-04 
1.945500e-04 1.983650e-04 
1.907360e-04 1.487740e-04 
1.373300e-04 1.602180e-04 
2.021800e-04 1.831060e-04 
1.335150e-04 1.831060e-04 
1.602180e-04 1.335150e-04 
1.335150e-04 1.640330e-04 
1.754770e-04 1.831060e-04 
1.297010e-04 1.297010e-04 
1.754770e-04 1.869210e-04 
1.564040e-04 1.258860e-04 
1.220710e-04 1.258860e-04 
1.792920e-04 1.411450e-04 
1.373300e-04 1.182560e-04 
1.487740e-04 1.792920e-04 
1.678480e-04 1.182560e-04 
1.564040e-04 1.602180e-04 
1.144410e-04 1.525890e-04 
1.754770e-04 1.716620e-04 
1.029970e-04 1.029970e-04 
1.182560e-04 1.411450e-04 
1.564040e-04 1.029970e-04 
1.297010e-04 1.525890e-04 
1.487740e-04 1.258860e-04 
1.297010e-04 1.144410e-04 
1.029970e-04 9.918260e-05 
1.220710e-04 1.144410e-04 
8.010910e-05 1.335150e-04 
8.392380e-05 1.220710e-04 
8.773850e-05 8.010910e-05 
8.010910e-05 7.247970e-05 
7.629440e-05 7.629440e-05 
1.297010e-04 1.220710e-04 
8.773850e-05 6.485030e-05 
1.258860e-04 1.029970e-04 
9.918260e-05 5.340600e-05 
7.629440e-05 6.485030e-05 
7.247970e-05 6.485030e-05 
8.392380e-05 1.029970e-04 
1.144410e-04 7.629440e-05 
1.029970e-04 8.773850e-05 
6.485030e-05 9.536790e-05 
8.010910e-05 6.103560e-05 
6.103560e-05 4.577660e-05 
6.103560e-05 9.155320e-05 
4.196190e-05 8.010910e-05 
5.340600e-05 4.959130e-05 
1.029970e-04 8.773850e-05 
8.010910e-05 5.722070e-05 
3.814720e-05 3.051780e-05 
5.722070e-05 6.485030e-05 
3.051780e-05 7.629440e-05 
6.866500e-05 6.485030e-05 
3.051780e-05 7.247970e-05 
3.433250e-05 9.918260e-05 
2.670300e-05 3.051780e-05 
3.814720e-05 9.155320e-05 
8.392380e-05 7.247970e-05 
3.433250e-05 8.773850e-05 
8.773850e-05 7.629440e-05 
7.629440e-05 2.670300e-05 
5.722070e-05 9.536790e-05 
4.959130e-05 6.485030e-05 
9.155320e-05 7.629440e-05 
7.629440e-05 8.010910e-05 
7.247970e-05 6.485030e-05 
8.773850e-05 4.959130e-05 
9.918260e-05 4.959130e-05 
2.670300e-05 6.485030e-05 
3.814720e-05 8.773850e-05 
3.051780e-05 6.866500e-05 
8.392380e-05 6.485030e-05 
3.051780e-05 2.670300e-05 
4.196190e-05 8.010910e-05 
2.670300e-05 4.577660e-05 
3.051780e-05 3.814720e-05 
8.010910e-05 8.773850e-05 
7.247970e-05 3.814720e-05 
7.247970e-05 9.155320e-05 
3.814720e-05 4.959130e-05 
2.670300e-05 2.670300e-05 
7.629440e-05 7.629440e-05 
6.866500e-05 2.288830e-05 
4.959130e-05 3.051780e-05 
5.340600e-05 3.433250e-05 
-4.959130e-05 6.485030e-05 
8.392380e-05 3.051780e-05 
8.773850e-05 6.866500e-05 
7.629440e-05 0 
2.670300e-05 3.814720e-05 
6.485030e-05 7.629440e-05 
6.866500e-05 3.051780e-05 
8.010910e-05 6.866500e-05 
5.722070e-05 8.392380e-05 
2.670300e-05 9.918260e-05 
6.485030e-05 7.247970e-05 
6.485030e-05 4.577660e-05 
2.670300e-05 8.773850e-05 
6.485030e-05 7.247970e-05 
6.103560e-05 2.670300e-05 
3.433250e-05 4.577660e-05 
8.010910e-05 8.392380e-05 
4.959130e-05 4.959130e-05 
9.918260e-05 8.392380e-05 
4.959130e-05 3.433250e-05 
7.247970e-05 7.629440e-05 
8.392380e-05 3.433250e-05 
3.814720e-05 5.340600e-05 
3.814720e-05 9.536790e-05 
9.155320e-05 3.433250e-05 
9.536790e-05 6.103560e-05 
8.010910e-05 3.051780e-05 
4.577660e-05 3.051780e-05 
6.866500e-05 4.577660e-05 
2.670300e-05 3.051780e-05 
5.340600e-05 9.155320e-05 
3.051780e-05 2.670300e-05 
3.051780e-05 7.629440e-05 
2.670300e-05 4.959130e-05 
5.722070e-05 6.866500e-05 
5.722070e-05 7.629440e-05 
9.536790e-05 3.814720e-05 
2.670300e-05 6.866500e-05 
7.247970e-05 2.670300e-05 
5.340600e-05 3.051780e-05 
3.051780e-05 8.392380e-05 
6.866500e-05 3.051780e-05 
6.103560e-05 6.866500e-05 
3.051780e-05 7.629440e-05 
3.051780e-05 4.196190e-05 
4.959130e-05 8.010910e-05 
8.773850e-05 3.051780e-05 
5.722070e-05 6.866500e-05 
6.866500e-05 4.959130e-05 
3.814720e-05 3.051780e-05 
4.959130e-05 3.051780e-05 
8.773850e-05 4.959130e-05 
5.722070e-05 8.773850e-05 
6.485030e-05 6.103560e-05 
7.247970e-05 3.814720e-05 
4.577660e-05 7.629440e-05 
6.485030e-05 4.196190e-05 
5.722070e-05 3.051780e-05 
3.051780e-05 6.103560e-05 
9.536790e-05 7.247970e-05 
3.051780e-05 4.959130e-05 
4.196190e-05 3.051780e-05 
6.866500e-05 3.433250e-05 
4.959130e-05 8.392380e-05 
3.814720e-05 7.629440e-05 
3.051780e-05 3.433250e-05 
3.433250e-05 9.918260e-05 
6.485030e-05 5.722070e-05 
6.103560e-05 6.103560e-05 
8.773850e-05 3.051780e-05 
3.814720e-05 6.103560e-05 
3.051780e-05 6.485030e-05 
7.629440e-05 7.247970e-05 
4.959130e-05 2.670300e-05 
7.629440e-05 6.485030e-05 
7.629440e-05 4.959130e-05 
3.051780e-05 8.773850e-05 
8.392380e-05 3.051780e-05 
5.722070e-05 4.959130e-05 
8.773850e-05 6.103560e-05 
7.629440e-05 8.392380e-05 
8.010910e-05 8.773850e-05 
5.722070e-05 6.866500e-05 
7.629440e-05 2.670300e-05 
4.577660e-05 3.433250e-05 
8.392380e-05 8.010910e-05 
3.814720e-05 3.814720e-05 
8.010910e-05 4.577660e-05 
8.773850e-05 5.340600e-05 
4.196190e-05 6.485030e-05 
3.051780e-05 3.051780e-05 
5.722070e-05 9.155320e-05 
4.196190e-05 3.814720e-05 
4.577660e-05 3.814720e-05 
8.773850e-05 2.670300e-05 
2.670300e-05 2.670300e-05 
9.155320e-05 9.155320e-05 
9.536790e-05 6.103560e-05 
7.247970e-05 4.577660e-05 
8.392380e-05 3.814720e-05 
8.392380e-05 6.485030e-05 
3.433250e-05 8.010910e-05 
6.866500e-05 3.051780e-05 
7.629440e-05 6.866500e-05 
8.773850e-05 2.670300e-05 
7.629440e-05 9.536790e-05 
2.670300e-05 6.103560e-05 
4.959130e-05 8.392380e-05 
8.392380e-05 8.773850e-05 
8.010910e-05 7.629440e-05 
3.814720e-05 8.773850e-05 
9.536790e-05 4.196190e-05 
3.814720e-05 2.670300e-05 
5.722070e-05 7.629440e-05 
8.773850e-05 7.247970e-05 
5.340600e-05 1.029970e-04 
9.918260e-05 9.536790e-05 
7.629440e-05 4.959130e-05 
4.959130e-05 8.773850e-05 
4.959130e-05 8.010910e-05 
8.773850e-05 9.536790e-05 
8.010910e-05 6.103560e-05 
8.773850e-05 1.068120e-04 
9.918260e-05 7.247970e-05 
1.144410e-04 5.340600e-05 
1.144410e-04 5.722070e-05 
5.722070e-05 6.866500e-05 
1.182560e-04 7.629440e-05 
5.340600e-05 1.029970e-04 
4.959130e-05 1.029970e-04 
5.340600e-05 6.103560e-05 
7.629440e-05 1.068120e-04 
5.340600e-05 6.866500e-05 
1.029970e-04 7.629440e-05 
8.392380e-05 8.773850e-05 
1.029970e-04 1.182560e-04 
1.182560e-04 7.629440e-05 
8.010910e-05 6.485030e-05 
9.155320e-05 1.068120e-04 
4.959130e-05 4.959130e-05 
7.247970e-05 7.247970e-05 
5.722070e-05 6.103560e-05 
