0.0985417	0.000114441
0.0984998	4.95913e-05
0.0984731	4.95913e-05
0.0984731	5.3406e-05
0.0984349	6.48503e-05
0.0984349	6.8665e-05
0.0984235	6.8665e-05
0.0984464	7.24797e-05
0.0983968	8.01091e-05
0.0983891	9.53679e-05
0.0983777	4.95913e-05
0.0983701	6.48503e-05
0.0984044	0.000110627
0.0983701	4.95913e-05
0.098393	0.000114441
0.0983815	0.000106812
0.0983243	6.10356e-05
0.0983205	0.000125886
0.0982709	4.95913e-05
0.0982823	4.19619e-05
0.0982556	4.19619e-05
0.0982785	6.48503e-05
0.0982556	4.95913e-05
0.0982747	8.39238e-05
0.0982442	0.000125886
0.0982404	0.000118256
0.0981984	0.000110627
0.0982022	8.39238e-05
0.0981297	9.91826e-05
0.0981908	0.000102997
0.0981717	9.91826e-05
0.0981374	8.39238e-05
0.0981336	0.000125886
0.0981259	0.000102997
0.0980763	7.24797e-05
0.098084	4.57766e-05
0.0980077	4.57766e-05
0.0979924	4.19619e-05
0.0980229	4.95913e-05
0.0979733	4.19619e-05
0.0979886	9.91826e-05
0.0979695	0.000102997
0.0979085	4.19619e-05
0.0979047	4.57766e-05
0.0979085	8.01091e-05
0.0979428	7.24797e-05
0.0979199	0.000114441
0.0979161	0.000110627
0.0978856	8.77385e-05
0.0978208	0.000102997
0.0978131	0.000110627
0.0977864	6.48503e-05
0.097775	4.19619e-05
0.0977521	5.3406e-05
0.097775	5.3406e-05
0.0977101	6.8665e-05
0.097775	6.48503e-05
0.0977407	0.000110627
0.0977216	0.000102997
0.0977292	0.000114441
0.0977139	0.000110627
0.0976529	0.000114441
0.0976605	0.000122071
0.0976071	4.19619e-05
0.097611	7.62944e-05
0.0976033	5.72207e-05
0.0975575	4.19619e-05
0.0975499	6.10356e-05
0.0975995	0.000114441
0.0975804	0.000125886
0.097569	0.000118256
0.0975232	7.24797e-05
0.0975232	8.39238e-05
0.0974622	9.53679e-05
0.0974584	0.000106812
0.0974278	4.19619e-05
0.0974202	4.19619e-05
0.0973973	4.57766e-05
0.0974164	9.53679e-05
0.0973973	8.01091e-05
0.0974164	0.000122071
0.0973477	5.72207e-05
0.0973096	4.57766e-05
0.0973325	4.95913e-05
0.0972867	4.19619e-05
0.0972753	7.62944e-05
0.09726	4.19619e-05
0.0972562	4.95913e-05
0.09726	9.53679e-05
0.0972409	8.01091e-05
0.0972104	6.8665e-05
0.0972714	0.000118256
0.0972524	0.000122071
0.0972142	0.000125886
0.0971723	9.91826e-05
0.097199	4.19619e-05
0.0971112	7.62944e-05
0.097096	4.95913e-05
0.0971112	7.62944e-05
0.0971303	4.19619e-05
0.0971112	0.000114441
0.0971112	0.000110627
0.0970883	0.000114441
0.0970769	0.000102997
0.0970197	5.3406e-05
0.0970159	0.000118256
0.0970464	8.77385e-05
0.0969472	4.95913e-05
0.0969357	4.57766e-05
0.0969281	4.19619e-05
0.0969396	0.000114441
0.096909	4.19619e-05
0.0968823	6.10356e-05
0.0968633	9.15532e-05
0.0968823	4.57766e-05
0.0968862	0.000106812
0.0968785	0.000114441
0.0968137	8.39238e-05
0.0968633	0.000110627
0.0968442	9.91826e-05
0.0968366	0.000106812
0.0967793	6.10356e-05
0.0967336	7.24797e-05
0.0967298	4.57766e-05
0.0966992	4.95913e-05
0.0967603	0.000106812
0.0967298	4.19619e-05
0.0967298	0.000110627
0.0966611	4.57766e-05
0.0966268	6.10356e-05
0.0966535	7.24797e-05
0.0965962	4.57766e-05
0.0965772	4.95913e-05
0.0965924	8.01091e-05
0.0965734	3.81472e-05
0.0965466	4.19619e-05
0.0966001	8.39238e-05
0.096539	9.53679e-05
0.0965352	0.000102997
0.096478	7.62944e-05
0.0964704	4.19619e-05
0.0964627	9.91826e-05
0.0964665	4.19619e-05
0.096436	3.81472e-05
0.0964055	6.8665e-05
0.0964322	5.3406e-05
0.0963597	6.8665e-05
0.0964131	0.000106812
0.096375	6.48503e-05
0.0963254	4.95913e-05
0.096333	8.77385e-05
0.0963025	4.95913e-05
0.096314	7.62944e-05
0.0962911	6.48503e-05
0.096314	5.3406e-05
0.0962453	0.000110627
0.0962873	9.91826e-05
0.0962453	5.3406e-05
0.0962186	9.15532e-05
0.09623	0.000110627
0.0962071	6.8665e-05
0.096211	9.91826e-05
0.0961995	0.000122071
0.0961308	4.19619e-05
0.0961232	9.53679e-05
0.0961232	6.48503e-05
0.0960698	3.81472e-05
0.0960698	4.19619e-05
0.0961232	0.000102997
0.0961194	0.000118256
0.096066	8.77385e-05
0.096066	0.000122071
0.0960164	9.53679e-05
0.0960126	0.000102997
0.0959477	3.81472e-05
0.0959363	4.19619e-05
0.0959096	4.95913e-05
0.0959134	8.77385e-05
0.0958867	3.81472e-05
0.095902	6.48503e-05
0.0959096	9.53679e-05
0.0958905	0.000122071
0.0958753	6.48503e-05
0.0957837	5.3406e-05
0.0957875	7.62944e-05
0.0957875	4.95913e-05
0.0958257	9.91826e-05
0.0957761	4.19619e-05
0.0958066	6.10356e-05
0.0957417	4.19619e-05
0.095799	0.000110627
0.0957837	0.000110627
0.0957761	0.000106812
0.0957646	5.72207e-05
0.0957112	6.8665e-05
0.0956616	4.19619e-05
0.0956464	4.95913e-05
0.095654	0.000106812
0.095593	4.95913e-05
0.0956197	0.000110627
0.0955968	0.000106812
0.0955586	0.000102997
0.0955205	3.81472e-05
0.0954709	4.19619e-05
0.0954633	4.95913e-05
0.0954175	5.72207e-05
0.0954518	6.8665e-05
0.0954061	5.72207e-05
0.0954328	0.000102997
0.0954099	9.53679e-05
0.0954328	8.01091e-05
0.0953679	6.8665e-05
0.0954213	0.000110627
0.0953565	4.19619e-05
0.095345	4.95913e-05
0.0953412	5.72207e-05
0.095345	6.8665e-05
0.0953794	9.91826e-05
0.0953565	8.77385e-05
0.095387	7.62944e-05
0.0953183	6.8665e-05
0.0953565	0.000110627
0.0952802	4.57766e-05
0.0953107	8.39238e-05
0.0952992	9.91826e-05
0.0952039	4.19619e-05
0.0952497	8.77385e-05
0.0951734	4.19619e-05
0.0951848	0.000118256
0.0951581	0.000102997
0.0951314	0.000106812
0.0950933	0.000110627
0.0950665	7.62944e-05
0.0949979	4.19619e-05
0.0949559	3.81472e-05
0.0949368	4.19619e-05
0.0949407	0.000110627
0.0949559	0.000110627
0.0949483	0.000106812
0.0948758	4.57766e-05
0.094872	4.95913e-05
0.0948873	8.39238e-05
0.0948529	4.95913e-05
0.094872	4.19619e-05
0.0948071	3.81472e-05
0.0948148	5.3406e-05
0.0948033	4.57766e-05
0.09483	0.000110627
0.0948644	7.62944e-05
0.0948567	6.10356e-05
0.0948567	0.000118256
0.09483	8.39238e-05
0.0948224	5.3406e-05
0.0947919	4.57766e-05
0.0947881	4.19619e-05
0.0948567	0.000114441
0.0948567	0.000102997
0.09483	7.62944e-05
0.09483	3.81472e-05
0.0948186	7.62944e-05
0.0947423	0.000106812
0.0947194	4.95913e-05
0.0947003	4.19619e-05
0.0946698	4.95913e-05
0.0946736	6.48503e-05
0.094624	4.57766e-05
0.0945706	4.57766e-05
0.0945401	4.19619e-05
0.0945249	6.48503e-05
0.0944829	4.19619e-05
0.0945134	0.000110627
0.0944066	3.81472e-05
0.0943799	4.57766e-05
0.0943608	0.000102997
0.0943799	8.01091e-05
0.094296	4.19619e-05
0.0942769	9.15532e-05
0.0942883	5.72207e-05
0.0941968	6.8665e-05
0.0942464	9.15532e-05
0.0942273	0.000106812
0.0941663	0.000110627
0.0941625	9.15532e-05
0.0941052	4.19619e-05
0.0941091	3.81472e-05
0.0940709	5.72207e-05
0.0940862	6.8665e-05
0.0940633	5.72207e-05
0.09409	0.000102997
0.0941129	9.15532e-05
0.0940557	5.72207e-05
0.0940671	4.57766e-05
0.0940557	8.39238e-05
0.09409	0.000106812
0.0940671	9.91826e-05
0.0940366	8.77385e-05
0.0940366	3.81472e-05
0.0940824	9.53679e-05
0.0940366	6.10356e-05
0.09409	5.3406e-05
0.09409	6.48503e-05
0.0940824	6.8665e-05
0.0940747	3.43325e-05
0.0941281	5.3406e-05
0.0940633	4.19619e-05
0.0941243	8.39238e-05
0.0940976	0.000110627
0.0941434	0.000102997
0.0940671	6.10356e-05
0.0941319	9.53679e-05
0.0941319	0.000102997
0.0940633	7.62944e-05
0.09409	0.000102997
0.0940633	4.95913e-05
0.0940442	0.000118256
0.0939679	3.81472e-05
0.0939755	4.95913e-05
0.0939565	6.10356e-05
0.0939565	0.000106812
0.0938878	4.57766e-05
0.0938382	0.000106812
0.0938497	0.000106812
0.0938039	9.53679e-05
0.0937085	3.81472e-05
0.0936627	6.10356e-05
0.0936284	3.81472e-05
0.0936399	0.000122071
0.0936093	7.62944e-05
0.0935826	0.000102997
0.0935254	8.39238e-05
0.0935102	0.000122071
0.0934186	4.57766e-05
0.0933843	6.48503e-05
0.093327	4.19619e-05
0.0933194	4.19619e-05
0.0933003	8.77385e-05
0.0933156	0.000122071
0.0932622	7.62944e-05
0.0932469	0.000110627
0.0932088	7.62944e-05
0.0931935	0.000110627
0.0931745	7.62944e-05
0.0931134	0.000110627
0.0930638	5.3406e-05
0.0930562	4.19619e-05
0.0930219	4.95913e-05
0.0930333	5.72207e-05
0.0930066	7.62944e-05
0.0930295	6.10356e-05
0.0930028	0.000106812
0.0929952	4.95913e-05
0.0929532	5.3406e-05
0.0929608	0.000106812
0.0928998	4.19619e-05
0.092896	4.95913e-05
0.0928807	4.95913e-05
0.0929341	0.000114441
0.0929151	0.000106812
0.0928655	0.000102997
0.092854	3.81472e-05
0.0928464	4.19619e-05
0.0928655	3.81472e-05
0.0928578	4.19619e-05
0.0928922	9.53679e-05
0.0929303	0.000110627
0.0929227	7.24797e-05
0.0929418	8.01091e-05
0.0929341	9.15532e-05
0.0929379	7.24797e-05
0.0929112	5.3406e-05
0.0929341	4.95913e-05
0.0929112	4.19619e-05
0.0929036	4.95913e-05
0.0929799	9.91826e-05
0.0929418	6.8665e-05
0.0929837	0.000102997
0.0930066	0.000102997
0.0930181	9.15532e-05
0.0929914	6.48503e-05
0.0929685	5.72207e-05
0.0930295	8.39238e-05
0.0930066	7.62944e-05
0.0930333	0.000102997
0.0930486	0.000106812
0.0930638	0.000102997
0.0930028	4.19619e-05
0.0930333	5.3406e-05
0.0930448	9.53679e-05
0.0930333	4.95913e-05
0.0930715	0.000102997
0.0930715	0.000106812
0.0930333	3.81472e-05
0.092999	7.24797e-05
0.092957	3.43325e-05
0.0930066	0.000102997
0.0929875	0.000102997
0.092957	0.000102997
0.0929303	9.91826e-05
0.0928311	4.57766e-05
0.0928578	0.000106812
0.0928273	0.000118256
0.0927815	0.000114441
0.0927281	8.39238e-05
0.0926366	9.91826e-05
0.0926518	8.39238e-05
0.0926251	0.000114441
0.0925031	7.62944e-05
0.0925221	0.000106812
0.092423	4.19619e-05
0.0923696	4.19619e-05
0.0923276	4.57766e-05
0.0923467	0.000118256
0.0922933	0.000110627
0.0922017	4.57766e-05
0.092175	7.24797e-05
0.0921521	6.10356e-05
0.0920835	4.57766e-05
0.0920415	4.19619e-05
0.0920072	4.95913e-05
0.0919843	0.000106812
0.0919957	8.01091e-05
0.0919499	6.8665e-05
0.091908	5.72207e-05
0.0919042	8.77385e-05
0.0918164	0.000106812
0.0918164	0.000102997
0.0917439	4.57766e-05
0.091702	4.57766e-05
0.091702	5.72207e-05
0.0916715	8.01091e-05
0.0916829	6.8665e-05
0.0916524	9.91826e-05
0.0915799	5.3406e-05
0.0915418	6.48503e-05
0.0915227	4.57766e-05
0.0915418	6.48503e-05
0.0915265	0.000110627
0.0915112	0.000106812
0.0914388	9.53679e-05
0.0913892	4.95913e-05
0.0913892	7.62944e-05
0.0913472	4.57766e-05
0.0913968	0.000122071
0.0913625	0.000122071
0.09129	6.48503e-05
0.0913053	7.62944e-05
0.0912557	4.95913e-05
0.0912824	8.39238e-05
0.091248	8.01091e-05
0.0912061	5.72207e-05
0.0912099	0.000102997
0.0911832	9.91826e-05
0.0911183	4.95913e-05
0.0911565	0.000122071
0.0911336	0.000110627
0.0911336	7.24797e-05
0.0911069	8.01091e-05
0.0911031	0.000110627
0.0910382	5.3406e-05
0.0910077	6.10356e-05
0.0910306	7.24797e-05
0.0910497	0.000102997
0.0910306	8.77385e-05
0.0909657	4.57766e-05
0.0909619	4.95913e-05
0.0910001	0.000118256
0.0909772	0.000110627
0.0909925	0.000118256
0.0909734	0.000118256
0.0909734	0.000122071
0.0909581	9.91826e-05
0.0908971	4.57766e-05
0.0908895	4.19619e-05
0.0908933	4.57766e-05
0.0909543	0.000106812
0.0909429	8.77385e-05
0.09092	8.77385e-05
0.0909123	5.3406e-05
0.0909162	4.19619e-05
0.0909085	4.19619e-05
0.0909047	4.95913e-05
0.0909467	4.95913e-05
0.0909619	6.48503e-05
0.0910077	6.48503e-05
0.0909886	7.62944e-05
0.0909505	4.19619e-05
0.0910268	9.53679e-05
0.0909886	6.48503e-05
0.0910268	9.15532e-05
0.0910764	0.000102997
0.0910306	0.000114441
0.091042	8.01091e-05
0.0910573	4.57766e-05
0.0910993	8.77385e-05
0.0910878	9.53679e-05
0.0911679	0.000102997
0.0911679	0.000102997
0.0911908	9.53679e-05
0.091145	4.57766e-05
0.0911908	8.39238e-05
0.0911908	3.81472e-05
0.091248	4.95913e-05
0.0912251	6.48503e-05
0.0912213	3.81472e-05
0.0912061	3.43325e-05
0.0912213	3.43325e-05
0.091248	7.62944e-05
0.0912213	8.39238e-05
0.0912709	6.10356e-05
0.09129	0.000102997
0.091248	3.81472e-05
0.0913091	0.000110627
0.0913167	0.000106812
0.0913091	4.57766e-05
0.0913205	7.62944e-05
0.0912976	4.95913e-05
0.0913396	0.000102997
0.0912976	6.8665e-05
0.0913396	0.000102997
0.0912862	3.43325e-05
0.091332	5.72207e-05
0.091332	9.91826e-05
0.0913472	9.15532e-05
0.0913129	0.000110627
0.0912824	6.10356e-05
0.0912633	3.43325e-05
0.0912595	4.57766e-05
0.0912595	4.95913e-05
0.09129	0.000110627
0.0912099	7.24797e-05
0.0912366	5.72207e-05
0.0911908	4.19619e-05
0.0911946	6.10356e-05
0.0911603	0.000102997
0.091126	0.000114441
0.091042	3.81472e-05
0.0910115	3.81472e-05
0.0909696	7.62944e-05
0.0909505	4.95913e-05
0.0909123	7.62944e-05
0.0908933	9.91826e-05
0.0908399	0.000114441
0.090817	7.62944e-05
0.0907254	9.15532e-05
0.0907178	9.91826e-05
0.0906034	7.62944e-05
0.0905805	9.15532e-05
0.0905728	0.000118256
0.0905118	6.8665e-05
0.090405	9.53679e-05
0.090363	0.000102997
0.0902982	6.10356e-05
0.0902867	7.24797e-05
0.090241	0.000102997
0.0902066	0.000122071
0.0900884	6.48503e-05
0.0900769	6.48503e-05
0.0900388	7.62944e-05
0.0899739	8.39238e-05
0.0899205	4.95913e-05
0.0898633	0.000125886
0.0898366	8.39238e-05
0.089829	9.15532e-05
0.0897222	7.24797e-05
0.0897412	0.000114441
0.0897031	0.000114441
0.0896001	7.24797e-05
0.0895543	4.95913e-05
0.0895276	5.72207e-05
0.0894856	8.39238e-05
0.0894895	6.48503e-05
0.0894666	0.000129701
0.0894246	0.000102997
0.0893674	7.62944e-05
0.0892987	0.000106812
0.0893216	0.000118256
0.0892606	0.000102997
0.0892224	6.8665e-05
0.0892186	8.01091e-05
0.0891767	0.000129701
0.0891614	0.000102997
0.0891423	0.000114441
0.0890546	7.24797e-05
0.0890279	0.000110627
0.0890393	7.62944e-05
0.0889668	5.3406e-05
0.0889401	6.10356e-05
0.0889821	0.000114441
0.0889478	0.000122071
0.0889249	0.000118256
0.0888333	7.24797e-05
0.0888753	0.000114441
0.0888562	5.72207e-05
0.088799	7.62944e-05
0.088738	5.3406e-05
0.0887876	0.000122071
0.0887303	5.72207e-05
0.0887456	8.01091e-05
0.0887265	0.000122071
0.0886884	5.72207e-05
0.0886807	8.39238e-05
0.0886083	8.39238e-05
0.0885816	5.72207e-05
0.0886159	0.000129701
0.0885968	8.39238e-05
0.088593	9.53679e-05
0.0885549	0.000102997
0.0884938	0.000114441
0.088532	7.62944e-05
0.08849	0.000122071
0.0884595	0.000114441
0.0884786	0.000125886
0.0884519	8.01091e-05
0.0884175	0.000122071
0.0883451	0.000106812
0.0884023	0.000125886
0.088387	0.000129701
0.088326	6.10356e-05
0.0883298	6.48503e-05
0.0883069	0.000122071
0.0882764	0.000114441
0.0882688	0.000118256
0.0882306	8.01091e-05
0.0882421	0.000114441
0.0881505	6.8665e-05
0.0882115	0.000102997
0.0881734	9.91826e-05
0.0881085	5.72207e-05
0.0880933	6.48503e-05
0.0880589	5.72207e-05
0.0880933	0.000125886
0.0880742	0.000129701
0.0880017	5.72207e-05
0.087975	7.62944e-05
0.0879483	5.72207e-05
0.0879903	0.000122071
0.0879865	0.000129701
0.087956	0.000133515
0.0878873	7.24797e-05
0.0879216	0.000114441
0.087872	6.8665e-05
0.0878377	6.10356e-05
0.0878568	0.000129701
0.0878263	0.000106812
0.0878072	0.000125886
0.08775	7.62944e-05
0.0877194	6.10356e-05
0.0877309	0.000125886
0.0877271	0.00013733
0.0876927	0.000106812
0.087666	9.91826e-05
0.0876393	0.000122071
0.0875707	7.24797e-05
0.087544	0.000102997
0.0875974	0.000122071
0.0875821	0.000133515
0.0875592	0.000133515
0.0875096	8.77385e-05
0.0874829	8.39238e-05
0.0874982	9.91826e-05
0.0874715	0.000102997
0.0874486	9.53679e-05
0.0874143	9.53679e-05
0.087357	6.48503e-05
0.087357	9.53679e-05
0.0873303	6.10356e-05
0.0873685	0.000102997
0.0872922	8.77385e-05
0.0872617	6.10356e-05
0.0872846	0.000118256
0.087296	0.000122071
0.0872769	0.000118256
0.0872617	0.000125886
0.0871739	7.24797e-05
0.0871625	9.91826e-05
0.0871968	0.000122071
0.0871472	7.62944e-05
0.0871892	6.10356e-05
0.0871701	0.000106812
0.0871549	0.000129701
0.0870938	6.8665e-05
0.0871053	6.10356e-05
0.0871396	0.000122071
0.0870862	0.000102997
0.0870557	7.62944e-05
0.0871167	6.10356e-05
0.08709	0.000110627
0.0871167	0.000102997
0.08709	0.000125886
0.0870709	8.01091e-05
0.0870671	9.91826e-05
0.0870328	5.72207e-05
0.0870366	5.72207e-05
0.0870862	0.000129701
0.0870633	0.000106812
0.0870481	5.72207e-05
0.0870442	6.10356e-05
0.0870442	6.10356e-05
0.0871091	0.000114441
0.0870633	5.3406e-05
0.087132	0.000122071
0.0871472	0.000114441
0.0871472	9.91826e-05
0.0871511	0.000110627
0.0871282	5.72207e-05
0.087193	0.000114441
0.0871549	8.01091e-05
0.0872197	0.000114441
0.0871816	7.62944e-05
0.0871892	4.95913e-05
0.0872121	4.95913e-05
0.0872922	7.62944e-05
0.0872808	7.24797e-05
0.0873303	0.000118256
0.0872884	8.77385e-05
0.0873799	0.000118256
0.0873952	7.62944e-05
0.0873647	6.48503e-05
0.0874486	0.000118256
0.0874257	8.77385e-05
0.0874829	7.62944e-05
0.0875134	8.39238e-05
0.0874677	0.000106812
0.0875554	9.53679e-05
0.0875325	6.48503e-05
0.0875936	8.77385e-05
0.0876279	0.000102997
0.0876012	4.95913e-05
0.0876317	5.3406e-05
0.0876966	0.000102997
0.087647	3.81472e-05
0.0876698	4.19619e-05
0.0877271	8.77385e-05
0.0877118	3.81472e-05
0.0877233	4.95913e-05
0.0877347	4.95913e-05
0.0877919	4.19619e-05
0.0877652	9.91826e-05
0.087811	5.3406e-05
0.0878339	6.48503e-05
0.0878339	8.01091e-05
0.0878072	6.8665e-05
0.0878377	5.72207e-05
0.0878949	8.01091e-05
0.0878568	9.53679e-05
0.0879025	7.24797e-05
0.0879292	0.000106812
0.0878873	4.57766e-05
0.0878797	3.43325e-05
0.0879407	0.000106812
0.0879407	0.000102997
0.0878873	3.05178e-05
0.0879064	7.62944e-05
0.0879178	4.57766e-05
0.0879064	5.3406e-05
0.0879636	9.53679e-05
0.0879712	0.000102997
0.0879445	9.15532e-05
0.0879331	9.15532e-05
0.0879331	3.43325e-05
0.0879216	5.72207e-05
0.087914	8.01091e-05
0.0879254	3.81472e-05
0.0879216	6.8665e-05
0.087956	9.53679e-05
0.0879445	3.81472e-05
0.0879254	4.95913e-05
0.0879254	3.05178e-05
0.0879674	7.62944e-05
0.087975	8.39238e-05
0.0879674	8.77385e-05
0.0879903	8.01091e-05
0.0879292	8.77385e-05
0.0879674	7.24797e-05
0.0879865	8.39238e-05
0.087975	9.15532e-05
0.0879331	3.05178e-05
0.0879254	3.81472e-05
0.0879903	9.53679e-05
0.0879827	0.000102997
0.0879865	9.15532e-05
0.0879903	3.05178e-05
0.087914	3.43325e-05
0.0879636	6.10356e-05
0.0879598	7.62944e-05
0.0879903	0.000106812
0.0879636	5.72207e-05
0.087956	5.72207e-05
0.0879636	6.8665e-05
0.0879521	9.53679e-05
0.0879598	3.05178e-05
0.087914	4.57766e-05
0.0879407	4.95913e-05
0.0879445	8.77385e-05
0.0879636	8.01091e-05
0.0879102	5.72207e-05
0.0879102	3.43325e-05
0.0879483	0.000102997
0.0879254	6.10356e-05
0.0879331	7.24797e-05
0.0878835	4.95913e-05
0.087914	4.95913e-05
0.087914	7.62944e-05
0.087914	9.15532e-05
0.0878491	5.3406e-05
0.0878949	0.000102997
0.087853	6.48503e-05
0.0878224	8.01091e-05
0.0877995	6.8665e-05
0.0877728	3.43325e-05
0.0877919	7.62944e-05
0.0877652	7.62944e-05
0.08775	8.39238e-05
0.0877233	7.62944e-05
0.0876927	8.01091e-05
0.0876737	0.000102997
0.0875821	3.81472e-05
0.0876088	8.01091e-05
0.0875707	9.91826e-05
0.0874639	5.72207e-05
0.0874486	3.81472e-05
0.0874562	4.95913e-05
0.0873685	4.95913e-05
0.0873303	6.10356e-05
0.0872579	4.95913e-05
0.0872426	4.95913e-05
0.0871511	4.95913e-05
0.0871472	4.95913e-05
0.0871167	0.000110627
0.0870137	7.62944e-05
0.0869985	6.8665e-05
0.0868917	4.95913e-05
0.0868802	0.000122071
0.0868001	0.000102997
0.08672	5.3406e-05
0.0866513	6.48503e-05
0.0866475	0.000114441
0.0865788	0.000129701
0.0864644	8.77385e-05
0.0864148	8.01091e-05
0.0863385	6.8665e-05
0.0863309	8.39238e-05
0.0862775	0.000122071
0.0862203	0.000125886
0.0861554	0.000118256
0.0860944	0.000114441
0.085999	6.8665e-05
0.0859799	0.000129701
0.0859189	0.000114441
0.0858464	7.62944e-05
0.0857282	6.8665e-05
0.0856748	8.01091e-05
0.0856137	7.62944e-05
0.0855756	0.000118256
0.0855298	9.15532e-05
0.0854383	7.62944e-05
0.0854001	0.000106812
0.0853963	0.000144959
0.0853238	0.000110627
0.0852246	0.000133515
0.0851827	0.000102997
0.0851636	8.77385e-05
0.0850568	7.62944e-05
0.0850453	0.000129701
0.0849805	9.15532e-05
0.0849729	0.000133515
0.0848584	8.01091e-05
0.0848088	8.39238e-05
0.0847669	8.01091e-05
0.0847669	0.000144959
0.0846715	8.77385e-05
0.0846448	9.15532e-05
0.0845876	0.000106812
0.0845952	0.000129701
0.0845532	0.00013733
0.0844579	8.39238e-05
0.0844274	0.000129701
0.0844235	0.000144959
0.0843396	0.000129701
0.0842977	0.000102997
0.0843091	0.000144959
0.0842633	0.000148774
0.0841985	8.77385e-05
0.0841298	0.000118256
0.0841527	0.000129701
0.0840878	0.000160218
0.0840955	0.000156404
0.0840497	0.000156404
0.0839543	0.000118256
0.0840001	0.000160218
0.0839086	0.000144959
0.0838742	0.000110627
0.0838971	0.000164033
0.083817	0.000152589
0.0837712	9.15532e-05
0.0838056	0.000164033
0.0837827	0.000156404
0.0837178	0.000118256
0.0836492	0.000110627
0.0836492	9.15532e-05
0.0836072	9.53679e-05
0.0836339	0.000156404
0.0835805	0.000106812
0.0835843	0.000148774
0.0835004	0.000106812
0.0835118	0.000152589
0.0834661	9.91826e-05
0.0834241	0.000106812
0.0834126	9.91826e-05
0.083405	0.000102997
0.0833554	9.91826e-05
0.083344	0.000102997
0.0833554	0.000141145
0.0833249	0.000167848
0.083302	0.000110627
0.0832868	0.000102997
0.0833097	0.000160218
0.0832639	0.000106812
0.0832067	0.000102997
0.083199	0.000118256
0.083199	0.000114441
0.0831952	0.000164033
0.0831914	0.000144959
0.0831571	9.91826e-05
0.0831037	0.000129701
0.0831151	0.000133515
0.0831075	0.000122071
0.0830922	0.000118256
0.0830846	0.000129701
0.0830655	0.000122071
0.0830312	0.000129701
0.0830464	0.000129701
0.0829892	9.91826e-05
0.0829854	9.91826e-05
0.0830159	0.000129701
0.0830159	0.000156404
0.0829854	0.000125886
0.0829816	9.91826e-05
0.0829473	0.000114441
0.0829206	0.000129701
0.0829663	0.000164033
0.0829053	0.000102997
0.08289	0.000114441
0.0828824	0.000106812
0.0829015	0.000144959
0.0829244	0.000152589
0.0828748	0.000106812
0.0828862	0.000129701
0.082871	0.000167848
0.0828404	0.000102997
0.0828938	0.000164033
0.0828519	0.000118256
0.0828481	0.000141145
0.0828633	0.000144959
0.0828404	0.000125886
0.082787	0.00013733
0.0828252	0.000122071
0.0828137	9.91826e-05
0.082768	9.91826e-05
0.0828404	0.000148774
0.0828366	0.000141145
0.0828099	0.000106812
0.0827985	0.000141145
0.0828252	0.000164033
0.0827718	0.000102997
0.0827565	0.000133515
0.082768	0.000125886
0.0828137	0.000106812
0.0827489	9.53679e-05
0.0827565	0.000118256
0.0828023	0.000160218
0.0827985	0.000125886
0.082726	9.15532e-05
0.0827603	0.000129701
0.0827451	0.000102997
0.0827336	9.15532e-05
0.082726	9.91826e-05
0.0827718	0.000148774
0.082768	0.000102997
0.0827184	9.53679e-05
0.082768	0.000156404
0.0827718	0.00013733
0.0827603	9.91826e-05
0.082768	0.000156404
0.0827146	0.000110627
0.0827336	0.000129701
0.0827413	0.000110627
0.0827069	0.000122071
0.0827069	8.77385e-05
0.0827527	0.000152589
0.0827756	0.00013733
0.0827107	0.00013733
0.082768	0.000148774
0.0827107	0.000102997
0.0827641	0.000144959
0.082768	0.000141145
0.0827069	9.15532e-05
0.0827146	0.000156404
0.0827298	0.000106812
0.0827374	0.000118256
0.0826879	0.000114441
0.0827069	8.77385e-05
0.0826955	8.77385e-05
0.0827565	0.000148774
0.0827222	0.000141145
0.082684	0.000102997
0.0827413	0.000144959
0.0827222	0.000144959
0.0826764	9.53679e-05
0.0827336	0.000144959
0.082726	0.000129701
0.082726	0.000152589
0.0826764	0.000106812
0.082726	0.000144959
0.0827184	0.00013733
0.0826993	0.000114441
0.0826573	8.77385e-05
0.082665	9.15532e-05
0.0827069	0.000129701
0.0826802	0.000156404
0.0826421	0.000144959
0.082684	0.000152589
0.0826993	8.77385e-05
0.0826535	0.000102997
0.0826268	8.39238e-05
0.0826497	0.000122071
0.0826421	0.000102997
0.0826497	0.000114441
0.0826268	8.39238e-05
0.0826116	0.000118256
0.0826268	0.000156404
0.0826459	0.000148774
0.0825734	8.77385e-05
0.0826001	0.000148774
0.0825658	0.000122071
0.0825963	0.000110627
0.0825467	9.53679e-05
0.0825963	0.000144959
0.0826001	0.00013733
0.0825467	8.39238e-05
0.0825124	8.77385e-05
0.0825429	0.00013733
0.0825658	0.000125886
0.0825505	0.000156404
0.0824819	0.000106812
0.08252	0.000144959
0.0825009	0.000102997
0.0824513	8.77385e-05
0.0825009	0.000144959
0.082478	0.00013733
0.082459	0.000156404
0.0824018	8.77385e-05
0.0823903	8.77385e-05
0.0824246	0.000156404
0.0823941	0.000106812
0.0823903	0.000144959
0.0823903	0.000133515
0.0823827	0.000141145
0.0823712	0.00013733
0.0823178	0.000133515
0.082314	0.000106812
0.0823102	0.000102997
0.0822835	0.000102997
0.0822988	0.000148774
0.0822797	0.000133515
0.0822072	9.15532e-05
0.0822339	0.000125886
0.0821691	9.91826e-05
0.0821805	0.000122071
0.0821767	9.91826e-05
0.0821576	0.000122071
0.0821271	0.000125886
0.0820851	9.15532e-05
0.0821042	0.000152589
0.082108	0.00013733
0.0820889	0.000110627
0.0820165	9.91826e-05
0.0819898	0.000102997
0.0819669	9.91826e-05
0.0820203	0.000148774
0.0819898	0.000133515
0.0819287	9.91826e-05
0.0819287	0.000141145
0.0819287	0.000148774
0.0818448	9.91826e-05
0.0818791	0.000129701
0.0818563	0.000156404
0.08178	0.000133515
0.0817571	0.000102997
0.0818028	0.000152589
0.0817685	0.000164033
0.0816922	0.000122071
0.0816808	0.000102997
0.0817037	0.000152589
0.0816159	0.000102997
0.0816236	0.000141145
0.0816312	0.000156404
0.0816045	0.000160218
0.0815473	0.00013733
0.0815663	0.000167848
0.0815053	0.000148774
0.0815129	0.000110627
0.0814557	0.000118256
0.0814252	0.000141145
0.081387	0.000167848
0.0813413	0.000106812
0.0813832	0.000148774
0.0813069	0.000106812
0.0813222	0.000164033
0.0812802	0.000141145
0.0812039	0.000114441
0.0812306	0.000129701
0.0811772	0.000118256
0.0811582	0.000160218
0.0811048	0.000160218
0.0811276	0.000156404
0.0811086	0.000133515
0.0810704	0.000152589
0.0810437	0.000167848
0.0810132	0.000148774
0.0809407	0.000114441
0.0809255	0.000114441
0.0808988	0.000183106
0.0809026	0.000125886
0.0808377	0.000114441
0.0808034	0.000114441
0.0807843	0.000118256
0.0808072	0.000160218
0.0807538	0.000183106
0.080689	0.000118256
0.0807309	0.000141145
0.0806699	0.000156404
0.0806317	0.000129701
0.0806279	0.000122071
0.0806012	0.000190736
0.0805326	0.000141145
0.0805249	0.000156404
0.0805173	0.000148774
0.080483	0.000144959
0.0804219	0.000125886
0.080399	0.000125886
0.0804029	0.000167848
0.080399	0.000156404
0.0803342	0.000160218
0.0802808	0.000133515
0.0802846	0.000164033
0.0802655	0.000179292
0.0802732	0.000183106
0.0802121	0.000167848
0.0802045	0.000183106
0.0801549	0.000171662
0.0800977	0.000144959
0.0801206	0.000179292
0.0801167	0.000171662
0.0800786	0.000190736
0.0800214	0.000190736
0.0800138	0.000171662
0.0799603	0.000133515
0.0799832	0.000198365
0.0799375	0.000160218
0.0798802	0.000129701
0.0798955	0.000190736
0.0798726	0.000167848
0.0798268	0.000144959
0.0797772	0.000133515
0.0797544	0.000148774
0.0797238	0.000141145
0.0797734	0.000190736
0.0796819	0.00013733
0.0796552	0.000152589
0.0796742	0.000183106
0.0796666	0.000179292
0.0796056	0.00013733
0.0796018	0.000183106
0.0796056	0.000205995
0.0795827	0.00019455
0.0795102	0.000175477
0.0794873	0.000171662
0.0795064	0.00020218
0.0794339	0.000198365
0.0794187	0.000175477
0.0793843	0.00013733
0.0794034	0.000190736
0.0793881	0.000164033
0.0793233	0.00013733
0.0793271	0.000186921
0.0793271	0.000186921
0.0792584	0.000167848
0.0792546	0.000183106
0.0792089	0.000141145
0.0791974	0.000175477
0.079186	0.000152589
0.0791554	0.000167848
0.0791821	0.000198365
0.079144	0.000198365
0.079144	0.000190736
0.0791173	0.000156404
0.0791059	0.000198365
0.0790219	0.000156404
0.0790601	0.000175477
0.0790372	0.00020218
0.0789723	0.000160218
0.0789838	0.000175477
0.0789609	0.000167848
0.0789075	0.000164033
0.078877	0.000148774
0.0788884	0.000144959
0.0788846	0.000167848
0.0788312	0.000186921
0.078835	0.000144959
0.0788503	0.000175477
0.0788236	0.000144959
0.0787816	0.000160218
0.078732	0.000144959
0.0787511	0.000156404
0.0786939	0.000179292
0.0787015	0.000209809
0.0786672	0.00020218
0.0787053	0.000171662
0.0786939	0.000209809
0.0786214	0.000152589
0.0786061	0.000164033
0.0785832	0.000156404
0.0785604	0.000171662
0.0785451	0.000160218
0.0785871	0.000217439
0.0785604	0.000190736
0.0784955	0.000148774
0.0785031	0.000152589
0.0785069	0.000209809
0.0784497	0.000179292
0.0784459	0.000148774
0.0784497	0.000205995
0.0784345	0.000183106
0.0783963	0.000209809
0.0783963	0.00020218
0.0783925	0.000190736
0.0783277	0.000148774
0.0783391	0.000152589
0.0783429	0.000209809
0.0783162	0.000179292
0.0782628	0.000148774
0.0782895	0.000205995
0.0782857	0.000205995
0.0782743	0.000160218
0.0782323	0.000171662
0.0782247	0.000205995
0.078198	0.000186921
0.0782094	0.00020218
0.0781331	0.000156404
0.0781178	0.000148774
0.078114	0.00020218
0.0781446	0.000152589
0.0780683	0.000152589
0.0780721	0.000148774
0.0781026	0.000205995
0.078095	0.000217439
0.0780454	0.000209809
0.0780072	0.000156404
0.077992	0.000160218
0.0780339	0.000209809
0.0779767	0.000183106
0.0779996	0.000209809
0.0779386	0.000156404
0.0779691	0.000186921
0.0779157	0.000148774
0.0779271	0.000198365
0.0779347	0.00019455
0.0778737	0.000152589
0.0778737	0.000160218
0.0778966	0.00020218
0.0778432	0.000152589
0.0778317	0.000148774
0.0778432	0.00020218
0.0778356	0.000186921
0.0778089	0.000171662
0.0777974	0.000198365
0.0778089	0.000209809
0.0777745	0.000167848
0.077744	0.000156404
0.0777326	0.000179292
0.077744	0.000205995
0.0777135	0.000156404
0.0776906	0.000175477
0.0777287	0.000152589
0.0776868	0.000160218
0.0776525	0.000167848
0.0776906	0.000183106
0.0776296	0.000186921
0.0776143	0.000152589
0.0776563	0.000183106
0.0776372	0.000175477
0.0776029	0.000156404
0.0775838	0.000171662
0.0776181	0.00020218
0.0775762	0.000160218
0.0775342	0.000167848
0.0775342	0.000152589
0.0775495	0.000183106
0.0775037	0.000144959
0.0775304	0.000209809
0.0774999	0.000152589
0.0775304	0.000179292
0.0774884	0.000148774
0.0775189	0.00019455
0.0774732	0.000156404
0.0775189	0.000209809
0.0774961	0.000179292
0.0774922	0.000198365
0.0774922	0.000209809
0.0774541	0.000160218
0.0774236	0.000148774
0.0774159	0.000141145
0.0774655	0.00019455
0.0774465	0.000209809
0.0774007	0.000141145
0.0773931	0.000148774
0.077435	0.000183106
0.0774083	0.000148774
0.0773702	0.000160218
0.0773816	0.000198365
0.077374	0.000164033
0.0773664	0.00013733
0.0774045	0.00019455
0.0774198	0.000186921
0.0773625	0.000152589
0.0774045	0.000171662
0.0774007	0.000198365
0.0773511	0.000133515
0.0773473	0.000183106
0.0773969	0.00019455
0.0773511	0.00013733
0.0773931	0.000152589
0.0773931	0.000186921
0.0774007	0.000183106
0.0773702	0.000175477
0.0773549	0.000129701
0.0774045	0.000175477
0.0774045	0.000144959
0.0773664	0.000129701
0.0773778	0.000164033
0.0774198	0.000179292
0.0773778	0.000129701
0.0773854	0.000156404
0.0774312	0.000179292
0.077435	0.000183106
0.0773931	0.000144959
0.0774503	0.000164033
0.0774274	0.000167848
0.0774083	0.000122071
0.0774541	0.000148774
0.0774312	0.000118256
0.0774274	0.000144959
0.0774579	0.000148774
0.0774999	0.000133515
0.0774579	0.000141145
0.0774808	0.000110627
0.0774808	0.000125886
0.0775495	0.000148774
0.0775456	0.000133515
0.0775151	0.000118256
0.0775838	0.000164033
0.0775876	0.000133515
0.0775838	0.000118256
0.0776219	0.000156404
0.0776372	0.000141145
0.0776029	0.000102997
0.0776639	0.000114441
0.0776944	0.000156404
0.0776906	0.000122071
0.0776715	0.00013733
0.077744	0.000152589
0.0777555	0.000152589
0.0777287	0.000102997
0.0777898	0.000122071
0.0778203	0.000148774
0.077786	9.15532e-05
0.077805	0.000114441
0.0778966	0.000129701
0.0779157	0.00013733
0.0778699	8.39238e-05
0.077889	0.000122071
0.0779805	0.000144959
0.0779958	0.000141145
0.0779805	8.01091e-05
0.0780492	0.000141145
0.078011	0.000125886
0.0780263	7.62944e-05
0.0780873	0.000114441
0.0781407	0.000129701
0.0780988	8.39238e-05
0.0781522	0.000133515
0.0781903	0.000129701
0.0781941	0.000106812
0.078217	6.8665e-05
0.078259	0.000110627
0.0782971	0.000114441
0.0782857	6.48503e-05
0.0783505	7.62944e-05
0.0783772	0.000114441
0.0783315	9.15532e-05
0.0783887	6.48503e-05
0.0784421	0.000110627
0.0784039	5.72207e-05
0.0784497	5.72207e-05
0.0784421	5.3406e-05
0.0785069	0.000122071
0.0785069	6.10356e-05
0.0785222	4.95913e-05
0.0785947	0.000118256
0.0785756	6.48503e-05
0.0785794	4.95913e-05
0.0785871	4.95913e-05
0.0786672	0.000102997
0.0786901	0.000106812
0.0786481	4.57766e-05
0.0787053	0.000110627
0.0787053	0.000102997
0.0787168	5.72207e-05
0.0787854	0.000110627
0.0787663	5.3406e-05
0.0787625	4.19619e-05
0.0788045	6.10356e-05
0.0788159	6.10356e-05
0.0788045	4.57766e-05
0.078835	4.95913e-05
0.078877	4.95913e-05
0.0788846	7.24797e-05
0.0788617	5.3406e-05
0.078877	3.81472e-05
0.0789304	4.57766e-05
0.0788999	3.81472e-05
0.0789342	4.19619e-05
0.0789685	0.000102997
0.0789571	0.000102997
0.0789342	3.43325e-05
0.0789876	9.53679e-05
0.0789914	6.8665e-05
0.0789609	4.95913e-05
0.0790105	8.77385e-05
0.0790257	7.24797e-05
0.0789876	5.3406e-05
0.0790219	3.81472e-05
0.0790486	9.91826e-05
0.0790372	5.72207e-05
0.0790105	3.05178e-05
0.0790639	6.8665e-05
0.0790639	6.48503e-05
0.0790296	3.05178e-05
0.0790639	5.3406e-05
0.0790639	7.62944e-05
0.0790944	7.62944e-05
0.0790524	3.05178e-05
0.079102	8.77385e-05
0.0791097	2.6703e-05
0.0790639	6.48503e-05
0.0791135	9.15532e-05
0.0790639	3.05178e-05
0.079083	7.24797e-05
0.0790715	2.6703e-05
0.0791249	8.77385e-05
0.0790906	6.48503e-05
0.079102	9.53679e-05
0.0790677	2.6703e-05
0.0791287	4.19619e-05
0.0790715	2.6703e-05
0.079144	9.15532e-05
0.0790906	3.05178e-05
0.0791211	2.6703e-05
0.079144	9.53679e-05
0.079102	8.39238e-05
0.079083	2.6703e-05
0.0791478	6.48503e-05
0.0791173	7.62944e-05
0.0791173	6.8665e-05
0.079144	8.39238e-05
0.0791516	9.15532e-05
0.0791516	9.53679e-05
0.0790906	4.19619e-05
0.0791364	8.77385e-05
0.0791287	8.39238e-05
0.0791249	7.24797e-05
0.0791402	4.57766e-05
0.0791554	8.77385e-05
0.0791554	9.53679e-05
0.0790906	3.05178e-05
0.079144	4.57766e-05
0.0791554	5.72207e-05
0.0791097	3.81472e-05
0.079144	2.6703e-05
0.0791364	9.53679e-05
0.0790944	4.57766e-05
0.0791173	6.48503e-05
0.0790868	4.95913e-05
0.0790906	3.43325e-05
0.0790944	3.43325e-05
0.079144	2.28883e-05
0.0791287	5.72207e-05
0.0790906	2.6703e-05
0.079144	9.53679e-05
0.0791059	3.81472e-05
0.0790944	4.57766e-05
0.0791326	3.43325e-05
0.0790906	2.6703e-05
0.079144	7.62944e-05
0.0791059	6.48503e-05
0.0791173	3.43325e-05
0.079144	4.95913e-05
0.0791173	6.10356e-05
0.0791173	8.01091e-05
0.0790906	4.57766e-05
0.0791364	9.15532e-05
0.0791554	9.91826e-05
0.0790944	4.95913e-05
0.0791249	8.77385e-05
0.0790906	4.95913e-05
0.0790982	5.72207e-05
0.0791173	8.01091e-05
0.0791554	0.000102997
0.0791631	0.000114441
0.0791097	5.72207e-05
0.0791059	6.8665e-05
0.0791593	0.000118256
0.0791173	0.000110627
0.079102	6.10356e-05
0.0791554	0.000118256
0.0791211	0.000114441
0.0790982	5.3406e-05
0.0791364	0.000102997
0.0791135	5.72207e-05
0.0791059	5.72207e-05
0.0791059	6.8665e-05
0.0790982	6.10356e-05
0.0791516	7.62944e-05
0.0790982	7.24797e-05
0.0791287	8.01091e-05
0.0791059	7.24797e-05
0.0791287	4.95913e-05
0.0791097	7.62944e-05
0.0791593	0.000118256
0.0790944	5.72207e-05
0.0791593	0.000110627
0.0791364	0.000106812
0.0791059	7.62944e-05
0.0791593	9.15532e-05
0.0791554	0.000106812
0.0790906	4.95913e-05
0.0791173	8.39238e-05
0.0790982	9.53679e-05
0.0791554	8.77385e-05
0.079144	0.000102997
0.0791364	0.000106812
0.0790906	6.10356e-05
0.079144	0.000106812
0.0791364	0.000102997
0.0791478	0.000114441
0.0791402	7.24797e-05
0.0790906	9.53679e-05
0.0790982	4.95913e-05
0.0791402	8.39238e-05
0.0791211	5.72207e-05
0.0791593	0.000110627
0.079144	0.000110627
0.0791173	5.3406e-05
0.0791593	0.000102997
0.0791478	9.91826e-05
0.0790906	7.62944e-05
0.0791326	9.53679e-05
0.0791554	0.000102997
0.0790906	8.39238e-05
0.0791249	5.72207e-05
0.0791593	0.000102997
0.0790944	9.15532e-05
0.0791173	7.24797e-05
0.0791593	0.000114441
0.0791211	0.000102997
0.0790944	5.3406e-05
0.0791173	5.72207e-05
0.079102	7.62944e-05
0.0791516	9.53679e-05
0.0791249	0.000102997
0.0790944	6.8665e-05
0.0791478	8.77385e-05
0.0791326	7.62944e-05
0.0791135	5.72207e-05
0.0791097	0.000106812
0.0790982	7.24797e-05
0.0791478	9.53679e-05
0.0790906	4.95913e-05
0.0791364	6.48503e-05
0.0791516	0.000110627
0.0791326	7.62944e-05
0.0790906	6.10356e-05
0.079144	0.000106812
0.0791402	4.95913e-05
0.0790868	5.3406e-05
0.0791364	7.24797e-05
0.079144	9.53679e-05
0.0790868	5.3406e-05
0.0790906	6.48503e-05
0.079144	0.000110627
0.0790868	7.62944e-05
0.0790868	6.10356e-05
0.0791402	0.000106812
0.0791173	0.000102997
0.079083	5.72207e-05
0.0791326	0.000102997
0.0791364	9.15532e-05
0.0790792	7.24797e-05
0.0791211	0.000102997
0.0791364	4.95913e-05
0.0790715	4.95913e-05
0.0791249	9.91826e-05
0.079102	8.77385e-05
0.0791364	0.000102997
0.0791249	9.91826e-05
0.0790868	8.01091e-05
0.0791326	0.000118256
0.0790906	7.24797e-05
0.0790982	6.8665e-05
0.0790524	5.3406e-05
0.0790639	8.01091e-05
0.0790448	5.3406e-05
0.0790906	0.000106812
0.0790486	5.3406e-05
0.0790372	9.91826e-05
0.0790486	5.3406e-05
0.0790906	0.000118256
0.0790105	7.62944e-05
0.0790448	0.000106812
0.0790334	9.91826e-05
0.0790181	8.77385e-05
0.0790105	7.24797e-05
0.0789838	5.72207e-05
0.0790219	8.39238e-05
0.0789876	0.000125886
0.0789495	6.48503e-05
0.0789876	7.62944e-05
0.0789609	8.77385e-05
0.0789304	7.24797e-05
0.0789037	7.62944e-05
0.078896	0.000114441
0.0789075	7.62944e-05
0.0788579	6.48503e-05
0.078896	0.000129701
0.0788846	0.000106812
0.0788121	0.000114441
0.078835	8.39238e-05
0.0788007	0.000129701
0.0787549	7.62944e-05
0.0787244	8.01091e-05
0.0787587	0.000102997
0.0786748	8.39238e-05
0.0786519	7.24797e-05
0.0786824	0.00013733
0.0786252	9.15532e-05
0.078568	7.62944e-05
0.0785909	0.00013733
0.0785451	8.39238e-05
0.0784917	8.39238e-05
0.0784383	8.39238e-05
0.0784612	0.000106812
0.0783849	9.91826e-05
0.0784039	0.000118256
0.0783238	0.000141145
0.0782971	0.000152589
0.0782552	0.000102997
0.0782552	0.000133515
0.0781484	9.15532e-05
0.0781217	0.000114441
0.0781217	0.000156404
0.0780301	0.000148774
0.0779614	0.000114441
0.0779805	0.000102997
0.0779386	0.000156404
0.0778394	0.000110627
0.0778394	0.000156404
0.0777249	0.000106812
0.0776792	0.000110627
0.0776219	0.000106812
0.077599	0.000122071
0.0775037	0.000122071
0.0774579	0.000133515
0.0773931	0.000129701
0.0773511	0.000148774
0.0772939	0.000141145
0.0772138	0.000129701
0.0771985	0.000190736
0.0771184	0.000156404
0.0770268	0.000183106
0.0769658	0.000148774
0.0769582	0.00020218
0.0768285	0.000156404
0.0767713	0.000198365
0.076756	0.000209809
0.0766606	0.000164033
0.0765691	0.000156404
0.0765347	0.000183106
0.0764318	0.000160218
0.0764012	0.000209809
0.0763402	0.000205995
0.0762792	0.000225068
0.0761495	0.000164033
0.0760846	0.000167848
0.0760655	0.000236512
0.0759702	0.000186921
0.075871	0.000221253
0.0758519	0.000240327
0.0757642	0.00020218
0.0756917	0.000236512
0.0756497	0.000247957
0.0755239	0.000190736
0.0754552	0.000209809
0.0754209	0.000255587
0.0753026	0.00019455
0.0752492	0.000205995
0.0752301	0.000251772
0.0750813	0.000236512
0.0750546	0.000236512
0.0749898	0.000255587
0.0749364	0.000247957
0.0748105	0.000209809
0.0747876	0.00027466
0.0747342	0.000263216
0.0746617	0.000267031
0.0745625	0.000236512
0.0745053	0.000289919
0.0744824	0.000286104
0.0743566	0.000232697
0.0743108	0.000255587
0.0742841	0.00027466
0.0741773	0.000236512
0.0741086	0.000255587
0.0741048	0.000301363
0.0739942	0.000251772
0.0739331	0.000255587
0.073853	0.000305178
0.0738263	0.000263216
0.0737462	0.000251772
0.0737462	0.00027466
0.0736928	0.000293734
0.0736203	0.000278475
0.0735631	0.000289919
0.0734601	0.000289919
0.0734487	0.000289919
0.0734067	0.000297548
0.0733113	0.000263216
0.0732694	0.000289919
0.0732541	0.000316622
0.0731893	0.000267031
0.0730977	0.000282289
0.0731053	0.000320436
0.0730023	0.000282289
0.0730023	0.000301363
0.0729642	0.000328066
0.0728917	0.000289919
0.0728574	0.000343325
0.0728307	0.000308992
0.0727811	0.000343325
0.0727201	0.000328066
0.072701	0.000328066
0.0726209	0.000289919
0.0725675	0.000324251
0.0725675	0.00033951
0.0725293	0.000324251
0.0724568	0.000289919
0.0724454	0.00033951
0.0724263	0.000331881
0.0723996	0.000354769
0.072331	0.00033951
0.0722928	0.000354769
0.072289	0.000347139
0.0722241	0.000305178
0.0721745	0.000324251
0.0721898	0.000350954
0.0721593	0.000362398
0.0721326	0.000366213
0.0720906	0.000354769
0.0720372	0.000316622
0.0719876	0.000335695
0.0720029	0.00033951
0.0719686	0.000316622
0.0718884	0.000308992
0.071877	0.000335695
0.0718884	0.000358583
0.0718312	0.000316622
0.0717893	0.000308992
0.0717816	0.000350954
0.0717587	0.000328066
0.0717092	0.000316622
0.0717282	0.000335695
0.0717053	0.000362398
0.0716786	0.000343325
0.07161	0.000316622
0.0716176	0.000366213
0.0715833	0.000324251
0.0715375	0.000316622
0.0715604	0.000358583
0.0715528	0.000362398
0.0715146	0.00033951
0.0714879	0.000354769
0.0714841	0.000366213
0.0714612	0.000316622
0.0713964	0.000320436
0.0714231	0.00033951
0.0714078	0.000370027
0.0713506	0.000320436
0.0713696	0.000370027
0.0713315	0.000320436
0.0713277	0.000335695
0.0713239	0.000354769
0.0712857	0.00033951
0.0712361	0.000331881
0.0712667	0.000350954
0.0712476	0.000370027
0.0712094	0.000331881
0.0711789	0.000343325
0.0712094	0.000373842
0.0711675	0.00033951
0.0711293	0.00033951
0.0711637	0.000373842
0.0710988	0.000324251
0.0710835	0.000335695
0.0711141	0.000350954
0.0710912	0.000373842
0.0710607	0.000331881
0.0710797	0.000373842
0.0710225	0.000331881
0.0710263	0.00033951
0.0709844	0.00033951
0.0710225	0.000377657
0.0709653	0.000328066
0.0709958	0.000366213
0.0709729	0.000366213
0.0709577	0.000350954
0.0709043	0.000335695
0.0709043	0.000328066
0.070931	0.000362398
0.0708814	0.000354769
0.0709157	0.000370027
0.0708737	0.000366213
0.070847	0.000347139
0.0708508	0.000366213
0.0708699	0.000370027
0.0708203	0.000328066
0.0708127	0.000328066
0.0708089	0.000358583
0.0707746	0.000328066
0.0708013	0.000381472
0.0707974	0.000362398
0.0707555	0.000343325
0.0707936	0.000389101
0.0707479	0.000366213
0.0707555	0.000385286
0.0707173	0.000331881
0.0707135	0.000362398
0.0707364	0.000328066
0.0706906	0.000335695
0.0706754	0.000354769
0.0707097	0.000377657
0.0706906	0.00033951
0.070641	0.000347139
0.0706525	0.000366213
0.0706449	0.000370027
0.0706182	0.000331881
0.0706143	0.000362398
0.070641	0.000381472
0.0705953	0.000335695
0.0705876	0.000377657
0.0705914	0.000343325
0.07058	0.000343325
0.0705838	0.000377657
0.0705838	0.000366213
0.0705342	0.000328066
0.07058	0.000381472
0.0705113	0.00033951
0.0705075	0.000328066
0.0705457	0.000389101
0.0705457	0.000350954
0.0704923	0.00033951
0.0705152	0.00033951
0.070519	0.000358583
0.0704732	0.00033951
0.0704808	0.000366213
0.0704656	0.000370027
0.070477	0.000370027
0.0704541	0.000354769
0.0704312	0.00033951
0.0704541	0.000373842
0.0704541	0.00033951
0.0703893	0.000343325
0.0703816	0.000377657
0.070416	0.000366213
0.0703702	0.000328066
0.0703855	0.000373842
0.0703969	0.000370027
0.070374	0.000354769
0.0703359	0.000331881
0.0703321	0.000328066
0.0703321	0.000331881
0.0703206	0.000328066
0.0703473	0.000328066
0.0703702	0.000381472
0.0703435	0.00033951
0.0703206	0.000331881
0.0703664	0.000366213
0.0703702	0.000373842
0.0703168	0.000335695
0.0703664	0.000358583
0.0703702	0.000377657
0.0703397	0.00033951
0.0703244	0.000354769
0.0703702	0.000381472
0.0703435	0.00033951
0.0703206	0.000331881
0.0703664	0.000381472
0.0703473	0.000373842
0.0703282	0.000335695
0.0703626	0.000366213
0.0703588	0.000377657
0.0703626	0.000366213
0.0703473	0.000366213
0.0703702	0.000362398
0.0703435	0.00033951
0.0703511	0.00033951
0.0703168	0.00033951
0.0703626	0.000377657
0.0703549	0.000358583
0.070313	0.000335695
0.0703588	0.000350954
0.0703588	0.000370027
0.070313	0.000358583
0.0703511	0.000373842
0.0703664	0.000366213
0.0703473	0.000350954
0.0703473	0.000366213
0.0703626	0.000381472
0.0703282	0.000335695
0.0703282	0.000389101
0.0703473	0.000366213
0.0703321	0.000389101
0.0703282	0.000354769
0.0703397	0.000362398
0.0703321	0.000358583
0.0703473	0.000373842
0.0703664	0.000366213
0.0703473	0.000377657
