3.396000e-01 
1.930000e-03 
8.610000e-03 
7.150000e-03 
1.386000e-02 
1.362000e-02 
2.125000e-02 
2.082000e-02 
2.782000e-02 
2.706000e-02 
3.424000e-02 
3.343000e-02 
4.058000e-02 
4.003000e-02 
4.671000e-02 
4.674000e-02 
5.260000e-02 
5.367000e-02 
5.838000e-02 
6.071000e-02 
6.406000e-02 
6.778000e-02 
6.951000e-02 
7.478000e-02 
7.544000e-02 
8.171000e-02 
8.126000e-02 
8.850000e-02 
8.722000e-02 
9.508000e-02 
9.350000e-02 
1.013500e-01 
1.000600e-01 
1.075600e-01 
1.067800e-01 
1.134100e-01 
1.137500e-01 
1.192800e-01 
1.207700e-01 
1.248500e-01 
1.280300e-01 
1.304500e-01 
1.350700e-01 
1.360700e-01 
1.421100e-01 
1.420400e-01 
1.489600e-01 
1.479300e-01 
1.554900e-01 
1.542900e-01 
1.617200e-01 
1.608400e-01 
1.676400e-01 
1.677500e-01 
1.735700e-01 
1.748400e-01 
1.791200e-01 
1.820000e-01 
1.846900e-01 
1.891000e-01 
1.905100e-01 
1.961300e-01 
1.965300e-01 
2.028100e-01 
2.024700e-01 
2.092400e-01 
2.088900e-01 
2.154000e-01 
2.156000e-01 
2.212000e-01 
2.224900e-01 
2.271300e-01 
2.294900e-01 
2.331300e-01 
2.364900e-01 
2.388600e-01 
2.434400e-01 
2.447100e-01 
2.501800e-01 
2.508000e-01 
2.565700e-01 
2.571900e-01 
2.627200e-01 
2.639200e-01 
2.687500e-01 
2.707800e-01 
2.746200e-01 
2.776700e-01 
2.804100e-01 
2.845100e-01 
2.862900e-01 
2.911800e-01 
2.925800e-01 
2.976300e-01 
2.990200e-01 
3.038500e-01 
3.055900e-01 
3.099300e-01 
3.123400e-01 
3.159600e-01 
3.190700e-01 
3.219600e-01 
3.258400e-01 
3.280800e-01 
3.324700e-01 
3.344200e-01 
3.388000e-01 
3.407900e-01 
3.450000e-01 
3.474300e-01 
3.511500e-01 
3.540100e-01 
3.573400e-01 
3.606200e-01 
3.634900e-01 
3.671600e-01 
3.699500e-01 
3.735900e-01 
3.761600e-01 
3.800300e-01 
3.827100e-01 
3.863500e-01 
3.891300e-01 
3.925700e-01 
3.956700e-01 
3.988900e-01 
4.021700e-01 
4.050300e-01 
4.086100e-01 
4.114500e-01 
4.150400e-01 
4.178200e-01 
4.213600e-01 
4.243800e-01 
4.276500e-01 
4.308200e-01 
4.339600e-01 
4.373000e-01 
4.403900e-01 
4.436900e-01 
4.466200e-01 
4.501500e-01 
4.530700e-01 
4.565300e-01 
4.595100e-01 
4.629400e-01 
4.659300e-01 
4.692300e-01 
4.724500e-01 
4.755400e-01 
4.788400e-01 
4.819400e-01 
4.853100e-01 
4.882300e-01 
4.917000e-01 
4.946900e-01 
4.980700e-01 
5.011200e-01 
5.042800e-01 
5.075400e-01 
5.106600e-01 
5.140300e-01 
5.170600e-01 
5.203800e-01 
5.234500e-01 
5.267800e-01 
5.298300e-01 
5.330600e-01 
5.362000e-01 
5.393500e-01 
5.426900e-01 
5.458200e-01 
5.490300e-01 
5.521000e-01 
5.553700e-01 
5.584900e-01 
5.618600e-01 
5.649800e-01 
5.681900e-01 
5.712700e-01 
5.746100e-01 
5.777000e-01 
5.809500e-01 
5.841800e-01 
5.873400e-01 
5.906500e-01 
5.936700e-01 
5.970400e-01 
6.001600e-01 
6.033700e-01 
6.064600e-01 
6.096500e-01 
6.128700e-01 
6.160000e-01 
6.192300e-01 
6.223900e-01 
6.256000e-01 
6.289300e-01 
6.320500e-01 
6.350700e-01 
6.384300e-01 
6.415400e-01 
6.447300e-01 
6.479100e-01 
6.511600e-01 
6.542300e-01 
6.575900e-01 
6.606900e-01 
6.638200e-01 
6.670700e-01 
6.701700e-01 
6.733800e-01 
6.765300e-01 
6.798700e-01 
6.829000e-01 
6.863800e-01 
6.892500e-01 
6.926800e-01 
6.956400e-01 
6.989500e-01 
7.020700e-01 
7.054100e-01 
7.085700e-01 
7.116800e-01 
7.149800e-01 
7.181100e-01 
7.213900e-01 
7.245400e-01 
7.277800e-01 
7.308900e-01 
7.341900e-01 
7.372900e-01 
7.406200e-01 
7.436300e-01 
7.469400e-01 
7.501000e-01 
7.534800e-01 
7.564500e-01 
7.597500e-01 
7.628400e-01 
7.660700e-01 
7.692700e-01 
7.725500e-01 
7.756300e-01 
7.789800e-01 
7.819800e-01 
7.853900e-01 
7.883500e-01 
7.916100e-01 
7.947700e-01 
7.980400e-01 
8.011900e-01 
8.044500e-01 
8.075900e-01 
8.108400e-01 
8.140100e-01 
8.172000e-01 
8.203700e-01 
8.235900e-01 
8.267200e-01 
8.299400e-01 
8.331200e-01 
8.363000e-01 
8.395000e-01 
8.426900e-01 
8.458300e-01 
8.491200e-01 
8.521800e-01 
8.553600e-01 
8.586700e-01 
8.618000e-01 
8.650000e-01 
8.681900e-01 
8.714300e-01 
8.745800e-01 
8.778600e-01 
8.809400e-01 
8.842400e-01 
8.873400e-01 
8.906300e-01 
8.937600e-01 
8.969500e-01 
9.002200e-01 
9.034200e-01 
9.065800e-01 
9.097600e-01 
9.131300e-01 
9.161600e-01 
9.194600e-01 
9.225200e-01 
9.259200e-01 
9.289700e-01 
9.321600e-01 
9.353900e-01 
9.385500e-01 
9.419300e-01 
9.448700e-01 
9.484000e-01 
9.512600e-01 
9.546800e-01 
9.576300e-01 
9.610300e-01 
9.640800e-01 
9.673600e-01 
9.705600e-01 
9.736700e-01 
9.769900e-01 
9.800600e-01 
9.833600e-01 
9.864300e-01 
9.899400e-01 
9.928000e-01 
9.961600e-01 
9.991800e-01 
2.570000e-03 
5.690000e-03 
8.850000e-03 
1.219000e-02 
1.525000e-02 
1.853000e-02 
2.157000e-02 
2.492000e-02 
2.810000e-02 
3.133000e-02 
3.443000e-02 
3.773000e-02 
4.084000e-02 
4.409000e-02 
4.727000e-02 
5.048000e-02 
5.374000e-02 
5.679000e-02 
6.010000e-02 
6.319000e-02 
6.646000e-02 
6.961000e-02 
7.292000e-02 
7.608000e-02 
7.953000e-02 
8.264000e-02 
8.599000e-02 
8.922000e-02 
9.244000e-02 
9.576000e-02 
9.891000e-02 
1.022000e-01 
1.054300e-01 
1.087200e-01 
1.119700e-01 
1.152000e-01 
1.184400e-01 
1.215700e-01 
1.249700e-01 
1.280200e-01 
1.314000e-01 
1.344300e-01 
1.376800e-01 
1.408200e-01 
1.441100e-01 
1.472700e-01 
1.505800e-01 
1.537600e-01 
1.569700e-01 
1.601700e-01 
1.633500e-01 
1.666500e-01 
1.700700e-01 
1.732900e-01 
1.764600e-01 
1.796100e-01 
1.827700e-01 
1.860800e-01 
1.891700e-01 
1.925100e-01 
1.955900e-01 
1.988700e-01 
2.019400e-01 
2.052500e-01 
2.085900e-01 
2.115500e-01 
2.148000e-01 
2.180400e-01 
2.211900e-01 
2.244000e-01 
2.275800e-01 
2.308200e-01 
2.339700e-01 
2.373500e-01 
2.404000e-01 
2.437400e-01 
2.468800e-01 
2.500700e-01 
2.533000e-01 
2.563900e-01 
2.598200e-01 
2.630600e-01 
2.663300e-01 
2.695700e-01 
2.726400e-01 
2.761600e-01 
2.790700e-01 
2.824100e-01 
2.855000e-01 
2.888000e-01 
2.918800e-01 
2.951600e-01 
2.983200e-01 
3.014500e-01 
3.047500e-01 
3.079000e-01 
3.112000e-01 
3.142700e-01 
3.175600e-01 
3.207300e-01 
3.239200e-01 
3.270900e-01 
3.303000e-01 
3.334800e-01 
3.366700e-01 
3.399000e-01 
3.430600e-01 
3.463300e-01 
3.494000e-01 
3.526800e-01 
3.558400e-01 
3.590600e-01 
3.624100e-01 
3.654500e-01 
3.688000e-01 
3.717900e-01 
3.753600e-01 
3.782300e-01 
3.815500e-01 
3.847500e-01 
3.879700e-01 
3.911700e-01 
3.943300e-01 
3.976000e-01 
4.006900e-01 
4.039800e-01 
4.071500e-01 
4.104500e-01 
4.135700e-01 
4.168300e-01 
4.200000e-01 
4.231600e-01 
4.263800e-01 
4.295500e-01 
4.328400e-01 
4.358900e-01 
4.393400e-01 
4.423200e-01 
4.458200e-01 
4.487900e-01 
4.520300e-01 
4.552200e-01 
4.583800e-01 
4.615800e-01 
4.647600e-01 
4.680800e-01 
4.711000e-01 
4.744700e-01 
4.774900e-01 
4.809600e-01 
4.839400e-01 
4.882500e-01 
4.911300e-01 
4.946800e-01 
4.975200e-01 
5.009900e-01 
5.040800e-01 
5.073400e-01 
5.105900e-01 
5.137100e-01 
5.170100e-01 
5.200000e-01 
5.233400e-01 
5.264600e-01 
5.298600e-01 
5.328300e-01 
5.361400e-01 
5.393400e-01 
5.424900e-01 
5.457200e-01 
5.488100e-01 
5.521700e-01 
5.552000e-01 
5.585200e-01 
5.616300e-01 
5.648700e-01 
5.681000e-01 
5.712200e-01 
5.744600e-01 
5.776200e-01 
5.809300e-01 
5.839400e-01 
5.873100e-01 
5.904200e-01 
5.936900e-01 
5.969000e-01 
6.000100e-01 
6.033100e-01 
6.063800e-01 
6.096300e-01 
6.127700e-01 
6.160200e-01 
6.191800e-01 
6.222900e-01 
6.256600e-01 
6.287400e-01 
6.321200e-01 
6.351600e-01 
6.385400e-01 
6.416000e-01 
6.448500e-01 
6.479800e-01 
6.512400e-01 
6.544100e-01 
6.575400e-01 
6.608800e-01 
6.639900e-01 
6.672200e-01 
6.703200e-01 
6.736500e-01 
6.768200e-01 
6.799700e-01 
6.832400e-01 
6.863200e-01 
6.897000e-01 
6.926600e-01 
6.960200e-01 
6.991900e-01 
7.024600e-01 
7.055700e-01 
7.088000e-01 
7.120000e-01 
7.151500e-01 
7.184000e-01 
7.214500e-01 
7.247400e-01 
7.278800e-01 
7.311400e-01 
7.343400e-01 
7.376700e-01 
7.407300e-01 
7.439600e-01 
7.471600e-01 
7.504100e-01 
7.535800e-01 
7.568100e-01 
7.600000e-01 
7.631900e-01 
7.664400e-01 
7.695200e-01 
7.728600e-01 
7.759000e-01 
7.791800e-01 
7.825100e-01 
7.857200e-01 
7.888400e-01 
7.921100e-01 
7.953100e-01 
7.985200e-01 
8.017200e-01 
8.049900e-01 
8.081800e-01 
8.114100e-01 
8.145100e-01 
8.177700e-01 
8.209700e-01 
8.241700e-01 
8.274000e-01 
8.306700e-01 
8.337800e-01 
8.368800e-01 
8.402500e-01 
8.432900e-01 
8.465600e-01 
8.497200e-01 
8.530300e-01 
8.561300e-01 
8.594200e-01 
8.626500e-01 
8.658900e-01 
8.699100e-01 
8.729200e-01 
8.761800e-01 
8.792900e-01 
8.825800e-01 
8.856800e-01 
8.889400e-01 
8.920600e-01 
8.953600e-01 
8.985700e-01 
9.017100e-01 
9.048400e-01 
9.081500e-01 
9.113500e-01 
9.145000e-01 
9.177600e-01 
9.208200e-01 
9.241600e-01 
9.273900e-01 
9.304800e-01 
9.336300e-01 
9.369000e-01 
9.401700e-01 
9.433200e-01 
9.466600e-01 
9.496800e-01 
9.530600e-01 
9.561200e-01 
9.593900e-01 
9.624600e-01 
9.658000e-01 
9.689300e-01 
9.722000e-01 
9.754000e-01 
9.786200e-01 
9.817600e-01 
9.849400e-01 
9.882100e-01 
9.913300e-01 
9.946400e-01 
9.978000e-01 
9.500000e-04 
4.190000e-03 
7.310000e-03 
1.072000e-02 
1.374000e-02 
1.711000e-02 
2.019000e-02 
2.343000e-02 
2.658000e-02 
2.986000e-02 
3.303000e-02 
3.625000e-02 
3.956000e-02 
4.260000e-02 
4.592000e-02 
4.906000e-02 
5.238000e-02 
5.546000e-02 
5.877000e-02 
6.188000e-02 
6.515000e-02 
6.841000e-02 
7.154000e-02 
7.471000e-02 
7.805000e-02 
8.113000e-02 
8.439000e-02 
8.752000e-02 
9.083000e-02 
9.402000e-02 
9.721000e-02 
1.004400e-01 
1.034700e-01 
1.067700e-01 
1.099700e-01 
1.132000e-01 
1.164500e-01 
1.196900e-01 
1.228600e-01 
1.261100e-01 
1.293000e-01 
1.325700e-01 
1.357400e-01 
1.390100e-01 
1.422800e-01 
1.453000e-01 
1.484900e-01 
1.517900e-01 
1.549500e-01 
1.582100e-01 
1.614000e-01 
1.645400e-01 
1.677600e-01 
1.710300e-01 
1.741500e-01 
1.774000e-01 
1.805600e-01 
1.838100e-01 
1.869000e-01 
1.902400e-01 
1.933600e-01 
1.965300e-01 
1.998000e-01 
2.030200e-01 
2.062800e-01 
2.095100e-01 
2.127400e-01 
2.158300e-01 
2.191700e-01 
2.222600e-01 
2.255300e-01 
2.286100e-01 
2.319000e-01 
2.350600e-01 
2.384200e-01 
2.415000e-01 
2.447800e-01 
2.479400e-01 
2.511700e-01 
2.543400e-01 
2.575600e-01 
2.608600e-01 
2.640000e-01 
2.672200e-01 
2.704600e-01 
2.735300e-01 
2.768000e-01 
2.799700e-01 
2.832700e-01 
2.864000e-01 
2.895900e-01 
2.928500e-01 
2.959100e-01 
2.992100e-01 
3.023600e-01 
3.055700e-01 
3.087200e-01 
3.120900e-01 
3.151800e-01 
3.186400e-01 
3.216500e-01 
3.248700e-01 
3.280800e-01 
3.313100e-01 
3.345400e-01 
3.377100e-01 
3.410100e-01 
3.441500e-01 
3.473600e-01 
3.505600e-01 
3.537200e-01 
3.570100e-01 
3.601400e-01 
3.633800e-01 
3.664500e-01 
3.698000e-01 
3.728900e-01 
3.762500e-01 
3.794100e-01 
3.825900e-01 
3.858500e-01 
3.889700e-01 
3.923400e-01 
3.953700e-01 
3.987000e-01 
4.017600e-01 
4.051300e-01 
4.081500e-01 
4.114100e-01 
4.146000e-01 
4.178100e-01 
4.210700e-01 
4.241500e-01 
4.275400e-01 
4.305500e-01 
4.338900e-01 
4.369600e-01 
4.402800e-01 
4.433700e-01 
4.465600e-01 
4.498700e-01 
4.530500e-01 
4.563000e-01 
4.594600e-01 
4.626400e-01 
4.659400e-01 
4.691800e-01 
4.723300e-01 
4.755700e-01 
4.787600e-01 
4.819200e-01 
4.851500e-01 
4.884100e-01 
4.916300e-01 
4.948900e-01 
4.980500e-01 
5.011800e-01 
5.045200e-01 
5.076900e-01 
5.108600e-01 
5.140200e-01 
5.172600e-01 
5.204200e-01 
5.236100e-01 
5.268400e-01 
5.300300e-01 
5.331600e-01 
5.365100e-01 
5.396700e-01 
5.429300e-01 
5.460800e-01 
5.492800e-01 
5.525000e-01 
5.557900e-01 
5.588300e-01 
5.622000e-01 
5.653700e-01 
5.687100e-01 
5.718700e-01 
5.750600e-01 
5.782800e-01 
5.815500e-01 
5.847900e-01 
5.880300e-01 
5.911100e-01 
5.945200e-01 
5.976400e-01 
6.009500e-01 
6.041700e-01 
6.075200e-01 
6.108800e-01 
6.140500e-01 
6.172700e-01 
6.204400e-01 
6.236300e-01 
6.269000e-01 
6.301100e-01 
6.333200e-01 
6.366100e-01 
6.398200e-01 
6.430200e-01 
6.463200e-01 
6.495500e-01 
6.527900e-01 
6.559800e-01 
6.591800e-01 
6.624900e-01 
6.656900e-01 
6.689900e-01 
6.723500e-01 
6.755800e-01 
6.788800e-01 
6.819800e-01 
6.853800e-01 
6.885100e-01 
6.918600e-01 
6.950200e-01 
6.982500e-01 
7.014500e-01 
7.047400e-01 
7.080000e-01 
7.111300e-01 
7.146400e-01 
7.177100e-01 
7.210100e-01 
7.241400e-01 
7.275500e-01 
7.306300e-01 
7.339300e-01 
7.371400e-01 
7.403900e-01 
7.436500e-01 
7.468600e-01 
7.501000e-01 
7.531400e-01 
7.564900e-01 
7.595600e-01 
7.628700e-01 
7.660200e-01 
7.693400e-01 
7.725000e-01 
7.758800e-01 
7.789800e-01 
7.822600e-01 
7.854600e-01 
7.887300e-01 
7.919300e-01 
7.952300e-01 
7.983000e-01 
8.017500e-01 
8.047600e-01 
8.081100e-01 
8.112300e-01 
8.144900e-01 
8.176700e-01 
8.208800e-01 
8.242200e-01 
8.274500e-01 
8.309200e-01 
8.341300e-01 
8.374200e-01 
8.406000e-01 
8.439400e-01 
8.471100e-01 
8.504000e-01 
8.536400e-01 
8.568700e-01 
8.601100e-01 
8.632900e-01 
8.665700e-01 
8.698200e-01 
8.729200e-01 
8.762100e-01 
8.794200e-01 
8.826800e-01 
8.858900e-01 
8.891700e-01 
8.922800e-01 
8.955800e-01 
8.988000e-01 
9.020700e-01 
9.051600e-01 
9.085600e-01 
9.116300e-01 
9.151400e-01 
9.180800e-01 
9.213500e-01 
9.245700e-01 
9.278500e-01 
9.309700e-01 
9.341400e-01 
9.373700e-01 
9.405700e-01 
9.438600e-01 
9.470300e-01 
9.502800e-01 
9.534900e-01 
9.567800e-01 
9.598700e-01 
9.633100e-01 
9.662600e-01 
9.696000e-01 
9.727900e-01 
9.761000e-01 
9.792000e-01 
9.825700e-01 
9.855500e-01 
9.890000e-01 
9.921100e-01 
9.953800e-01 
9.985800e-01 
1.850000e-03 
5.010000e-03 
8.250000e-03 
1.155000e-02 
1.485000e-02 
1.808000e-02 
2.117000e-02 
2.462000e-02 
2.766000e-02 
3.096000e-02 
3.409000e-02 
3.750000e-02 
4.056000e-02 
4.390000e-02 
4.709000e-02 
5.017000e-02 
5.366000e-02 
5.660000e-02 
6.013000e-02 
6.302000e-02 
6.640000e-02 
6.977000e-02 
7.271000e-02 
7.620000e-02 
7.929000e-02 
8.266000e-02 
8.576000e-02 
8.891000e-02 
9.225000e-02 
9.535000e-02 
9.864000e-02 
1.018400e-01 
1.052100e-01 
1.083000e-01 
1.115700e-01 
1.147700e-01 
1.180700e-01 
1.212600e-01 
1.243900e-01 
1.277500e-01 
1.308200e-01 
1.342300e-01 
1.374200e-01 
1.405500e-01 
1.439300e-01 
1.470400e-01 
1.502500e-01 
1.538900e-01 
1.562700e-01 
1.604700e-01 
1.627800e-01 
1.665700e-01 
1.695100e-01 
1.728900e-01 
1.760900e-01 
1.791400e-01 
1.826600e-01 
1.854000e-01 
1.891100e-01 
1.919700e-01 
1.954800e-01 
1.982400e-01 
2.021300e-01 
2.045000e-01 
2.082600e-01 
2.113000e-01 
2.144800e-01 
2.179200e-01 
2.209700e-01 
2.245300e-01 
2.274200e-01 
2.306500e-01 
2.339700e-01 
2.373300e-01 
2.401500e-01 
2.436000e-01 
2.468600e-01 
2.499400e-01 
2.534300e-01 
2.563100e-01 
2.597200e-01 
2.628800e-01 
2.661800e-01 
2.693600e-01 
2.724900e-01 
2.757700e-01 
2.791000e-01 
2.820800e-01 
2.856400e-01 
2.884600e-01 
2.919900e-01 
2.949300e-01 
2.985500e-01 
3.013900e-01 
3.049200e-01 
3.080400e-01 
3.112300e-01 
3.146000e-01 
3.175100e-01 
3.210800e-01 
3.240000e-01 
3.273900e-01 
3.306300e-01 
3.336800e-01 
3.370100e-01 
3.401800e-01 
3.434800e-01 
3.465700e-01 
3.498200e-01 
3.532100e-01 
3.563500e-01 
3.596300e-01 
3.626200e-01 
3.660600e-01 
3.690800e-01 
3.725800e-01 
3.755400e-01 
3.789500e-01 
3.819900e-01 
3.852600e-01 
3.886100e-01 
3.918000e-01 
3.951000e-01 
3.980900e-01 
4.017700e-01 
4.043600e-01 
4.083400e-01 
4.108900e-01 
4.146700e-01 
4.173900e-01 
4.210200e-01 
4.240500e-01 
4.275000e-01 
4.305700e-01 
4.337600e-01 
4.371500e-01 
4.400600e-01 
4.436500e-01 
4.466600e-01 
4.501100e-01 
4.528300e-01 
4.565400e-01 
4.594500e-01 
4.628400e-01 
4.659100e-01 
4.692100e-01 
4.724400e-01 
4.757800e-01 
4.790000e-01 
4.818700e-01 
4.856200e-01 
4.884600e-01 
4.919600e-01 
4.950700e-01 
4.983200e-01 
5.014800e-01 
5.047200e-01 
5.079500e-01 
5.112100e-01 
5.143000e-01 
5.177400e-01 
5.208100e-01 
5.240700e-01 
5.273600e-01 
5.305400e-01 
5.337700e-01 
5.370900e-01 
5.401800e-01 
5.434100e-01 
5.466600e-01 
5.497500e-01 
5.532300e-01 
5.561000e-01 
5.597500e-01 
5.626300e-01 
5.660700e-01 
5.692700e-01 
5.724700e-01 
5.758700e-01 
5.787400e-01 
5.825600e-01 
5.850000e-01 
5.891200e-01 
5.914500e-01 
5.954700e-01 
5.980000e-01 
6.018300e-01 
6.051700e-01 
6.074800e-01 
6.117000e-01 
6.141900e-01 
6.180600e-01 
6.207600e-01 
6.242700e-01 
6.274600e-01 
6.305500e-01 
6.338600e-01 
6.369400e-01 
6.404300e-01 
6.434000e-01 
6.468500e-01 
6.497700e-01 
6.533300e-01 
6.563500e-01 
6.594200e-01 
6.630900e-01 
6.657800e-01 
6.696300e-01 
6.721700e-01 
6.760100e-01 
6.786600e-01 
6.825400e-01 
6.852100e-01 
6.887700e-01 
6.918400e-01 
6.951400e-01 
6.985500e-01 
7.014800e-01 
7.052000e-01 
7.075700e-01 
7.117500e-01 
7.141400e-01 
7.180200e-01 
7.208700e-01 
7.242300e-01 
7.275000e-01 
7.305800e-01 
7.340400e-01 
7.368800e-01 
7.405300e-01 
7.433400e-01 
7.470200e-01 
7.499300e-01 
7.531700e-01 
7.567300e-01 
7.593500e-01 
7.632500e-01 
7.659500e-01 
7.696800e-01 
7.724900e-01 
7.759100e-01 
7.792800e-01 
7.823700e-01 
7.856900e-01 
7.886000e-01 
7.921700e-01 
7.950700e-01 
7.985300e-01 
8.016700e-01 
8.049200e-01 
8.083100e-01 
8.112200e-01 
8.147800e-01 
8.176100e-01 
8.210200e-01 
8.241800e-01 
8.273400e-01 
8.306400e-01 
8.338700e-01 
8.369600e-01 
8.403100e-01 
8.436600e-01 
8.466900e-01 
8.499700e-01 
8.531700e-01 
8.564300e-01 
8.597700e-01 
8.628300e-01 
8.661600e-01 
8.694900e-01 
8.724900e-01 
8.760700e-01 
8.789300e-01 
8.825600e-01 
8.853400e-01 
8.890200e-01 
8.919500e-01 
8.953900e-01 
8.987700e-01 
9.016400e-01 
9.049300e-01 
9.082100e-01 
9.111100e-01 
9.150600e-01 
9.177600e-01 
9.222300e-01 
9.240100e-01 
9.272200e-01 
9.318300e-01 
9.326100e-01 
9.388000e-01 
9.390200e-01 
9.452200e-01 
9.458400e-01 
9.512500e-01 
9.526600e-01 
9.572900e-01 
9.597200e-01 
9.632900e-01 
9.666600e-01 
9.692300e-01 
9.737000e-01 
9.754600e-01 
9.802000e-01 
9.820100e-01 
9.866300e-01 
9.888200e-01 
9.932500e-01 
9.952400e-01 
9.985800e-01 
2.700000e-03 
4.750000e-03 
9.350000e-03 
1.132000e-02 
1.581000e-02 
1.760000e-02 
2.233000e-02 
2.431000e-02 
2.840000e-02 
3.097000e-02 
3.470000e-02 
3.774000e-02 
4.086000e-02 
4.450000e-02 
4.709000e-02 
5.095000e-02 
5.328000e-02 
5.756000e-02 
6.010000e-02 
6.380000e-02 
6.700000e-02 
7.001000e-02 
7.361000e-02 
7.637000e-02 
7.997000e-02 
8.273000e-02 
8.625000e-02 
8.935000e-02 
9.267000e-02 
9.583000e-02 
9.918000e-02 
1.023100e-01 
1.056000e-01 
1.087500e-01 
1.120700e-01 
1.152500e-01 
1.186700e-01 
1.214400e-01 
1.252300e-01 
1.278300e-01 
1.315900e-01 
1.341100e-01 
1.379200e-01 
1.412600e-01 
1.441600e-01 
1.475400e-01 
1.504500e-01 
1.541500e-01 
1.568000e-01 
1.607200e-01 
1.632700e-01 
1.670300e-01 
1.697900e-01 
1.737400e-01 
1.766100e-01 
1.795600e-01 
1.833600e-01 
1.858600e-01 
1.897000e-01 
1.923700e-01 
1.964000e-01 
1.988000e-01 
2.027900e-01 
2.054800e-01 
2.090700e-01 
2.121400e-01 
2.152900e-01 
2.188700e-01 
2.215800e-01 
2.254400e-01 
2.280600e-01 
2.320200e-01 
2.343500e-01 
2.386300e-01 
2.407000e-01 
2.451200e-01 
2.472400e-01 
2.515500e-01 
2.538800e-01 
2.576600e-01 
2.607700e-01 
2.637700e-01 
2.675000e-01 
2.703400e-01 
2.736700e-01 
2.768700e-01 
2.802500e-01 
2.833900e-01 
2.866900e-01 
2.900300e-01 
2.931400e-01 
2.964400e-01 
2.996900e-01 
3.028200e-01 
3.064900e-01 
3.090000e-01 
3.130200e-01 
3.156500e-01 
3.203500e-01 
3.217100e-01 
3.257600e-01 
3.287200e-01 
3.318800e-01 
3.356500e-01 
3.379800e-01 
3.424600e-01 
3.442800e-01 
3.490600e-01 
3.508200e-01 
3.552700e-01 
3.575500e-01 
3.614600e-01 
3.641200e-01 
3.677700e-01 
3.708600e-01 
3.741200e-01 
3.774200e-01 
3.806000e-01 
3.840000e-01 
3.870100e-01 
3.906500e-01 
3.934500e-01 
3.971900e-01 
3.999300e-01 
4.037000e-01 
4.063100e-01 
4.099600e-01 
4.129100e-01 
4.164100e-01 
4.194800e-01 
4.225900e-01 
4.262300e-01 
4.289500e-01 
4.328600e-01 
4.354500e-01 
4.391800e-01 
4.421400e-01 
4.455300e-01 
4.486000e-01 
4.518900e-01 
4.552300e-01 
4.581900e-01 
4.619200e-01 
4.646800e-01 
4.684000e-01 
4.714600e-01 
4.748000e-01 
4.779200e-01 
4.813600e-01 
4.845300e-01 
4.875000e-01 
4.911800e-01 
4.938400e-01 
4.977900e-01 
5.003200e-01 
5.042400e-01 
5.069300e-01 
5.106600e-01 
5.135900e-01 
5.169500e-01 
5.201500e-01 
5.232800e-01 
5.269000e-01 
5.294600e-01 
5.335100e-01 
5.360100e-01 
5.400300e-01 
5.411400e-01 
5.483400e-01 
5.475100e-01 
5.543600e-01 
5.544100e-01 
5.601400e-01 
5.615200e-01 
5.661700e-01 
5.685400e-01 
5.721400e-01 
5.755100e-01 
5.784300e-01 
5.825400e-01 
5.844500e-01 
5.891500e-01 
5.910600e-01 
5.955000e-01 
5.974800e-01 
6.018000e-01 
6.043900e-01 
6.079300e-01 
6.116000e-01 
6.138500e-01 
6.185300e-01 
6.201500e-01 
6.251600e-01 
6.267900e-01 
6.312700e-01 
6.335400e-01 
6.374200e-01 
6.404000e-01 
6.438300e-01 
6.471000e-01 
6.505800e-01 
6.533500e-01 
6.568700e-01 
6.598800e-01 
6.634500e-01 
6.662400e-01 
6.702900e-01 
6.723700e-01 
6.771300e-01 
6.790200e-01 
6.825700e-01 
6.864800e-01 
6.884900e-01 
6.933600e-01 
6.947500e-01 
7.000900e-01 
7.011400e-01 
7.060500e-01 
7.060300e-01 
7.061000e-01 
7.063800e-01 
7.066000e-01 
7.072200e-01 
7.077000e-01 
7.080400e-01 
7.081500e-01 
7.085100e-01 
7.086900e-01 
7.088500e-01 
7.091400e-01 
7.093200e-01 
7.094700e-01 
7.097100e-01 
7.099600e-01 
7.102000e-01 
7.103400e-01 
7.106900e-01 
7.108300e-01 
7.108400e-01 
7.110400e-01 
7.110900e-01 
7.112400e-01 
7.113100e-01 
7.113600e-01 
7.114500e-01 
7.116300e-01 
7.117700e-01 
7.118700e-01 
7.119900e-01 
7.123900e-01 
7.123500e-01 
7.124400e-01 
7.124600e-01 
7.125500e-01 
7.126000e-01 
7.127400e-01 
7.128500e-01 
7.128800e-01 
7.129500e-01 
7.129800e-01 
7.130000e-01 
7.130600e-01 
7.131600e-01 
7.131300e-01 
7.132700e-01 
7.133200e-01 
7.133900e-01 
7.133800e-01 
7.134300e-01 
7.134500e-01 
7.135700e-01 
7.136300e-01 
7.137400e-01 
7.137400e-01 
7.137800e-01 
7.137300e-01 
7.138200e-01 
7.138800e-01 
7.139600e-01 
7.140400e-01 
7.141600e-01 
7.141600e-01 
7.141000e-01 
7.141800e-01 
7.142000e-01 
7.142900e-01 
7.144200e-01 
7.143900e-01 
7.144600e-01 
7.144900e-01 
7.145300e-01 
7.145300e-01 
7.145400e-01 
7.146400e-01 
7.147100e-01 
7.148200e-01 
7.147100e-01 
7.148100e-01 
7.148800e-01 
7.148300e-01 
7.148600e-01 
7.150600e-01 
7.151400e-01 
7.151500e-01 
7.152600e-01 
7.152500e-01 
7.151800e-01 
7.152600e-01 
7.152200e-01 
7.155100e-01 
7.154400e-01 
7.155300e-01 
7.155300e-01 
7.155300e-01 
7.155400e-01 
7.155000e-01 
7.155300e-01 
7.156400e-01 
7.155800e-01 
7.156100e-01 
7.156800e-01 
7.156800e-01 
7.156800e-01 
7.157500e-01 
7.157600e-01 
7.158500e-01 
7.158700e-01 
7.159000e-01 
7.159200e-01 
7.159200e-01 
7.159000e-01 
7.159400e-01 
7.159800e-01 
7.160400e-01 
7.160300e-01 
7.160700e-01 
7.161100e-01 
7.161100e-01 
7.161500e-01 
7.161800e-01 
7.161900e-01 
7.162100e-01 
7.161500e-01 
7.161500e-01 
7.162100e-01 
7.161100e-01 
7.161400e-01 
7.161800e-01 
7.161400e-01 
7.161400e-01 
7.161600e-01 
7.161500e-01 
7.161200e-01 
7.161800e-01 
7.161100e-01 
7.161100e-01 
7.161100e-01 
7.161600e-01 
7.161000e-01 
7.161600e-01 
7.161800e-01 
7.162600e-01 
7.162600e-01 
7.162500e-01 
7.162900e-01 
7.163000e-01 
7.162800e-01 
7.162200e-01 
7.162500e-01 
7.162300e-01 
7.163000e-01 
7.163000e-01 
7.163000e-01 
7.161900e-01 
7.161200e-01 
7.161900e-01 
7.160400e-01 
7.160300e-01 
7.161000e-01 
7.161000e-01 
