7.170000e-03 
2.022000e-02 
2.323000e-02 
2.715000e-02 
2.986000e-02 
3.386000e-02 
3.640000e-02 
4.058000e-02 
4.268000e-02 
4.724000e-02 
4.879000e-02 
5.399000e-02 
5.516000e-02 
6.075000e-02 
6.135000e-02 
6.739000e-02 
6.765000e-02 
7.403000e-02 
7.401000e-02 
8.063000e-02 
8.038000e-02 
8.700000e-02 
8.684000e-02 
9.332000e-02 
9.341000e-02 
9.964000e-02 
1.000900e-01 
1.058000e-01 
1.068900e-01 
1.135300e-01 
1.134200e-01 
1.196600e-01 
1.201700e-01 
1.258500e-01 
1.270300e-01 
1.321700e-01 
1.338200e-01 
1.382700e-01 
1.407000e-01 
1.443600e-01 
1.476100e-01 
1.506400e-01 
1.540300e-01 
1.582200e-01 
1.610700e-01 
1.640200e-01 
1.680400e-01 
1.699700e-01 
1.749300e-01 
1.760000e-01 
1.817100e-01 
1.822000e-01 
1.884200e-01 
1.885700e-01 
1.949200e-01 
1.951000e-01 
2.012400e-01 
2.017500e-01 
2.073500e-01 
2.085700e-01 
2.133300e-01 
2.154700e-01 
2.195400e-01 
2.223900e-01 
2.255900e-01 
2.293100e-01 
2.315400e-01 
2.360400e-01 
2.376500e-01 
2.427500e-01 
2.438900e-01 
2.492700e-01 
2.503100e-01 
2.556400e-01 
2.569600e-01 
2.620000e-01 
2.636700e-01 
2.680500e-01 
2.704700e-01 
2.741000e-01 
2.772800e-01 
2.802000e-01 
2.840000e-01 
2.862600e-01 
2.906100e-01 
2.924100e-01 
2.971800e-01 
2.988600e-01 
3.037400e-01 
3.054600e-01 
3.099700e-01 
3.120700e-01 
3.160200e-01 
3.187600e-01 
3.221200e-01 
3.255000e-01 
3.283500e-01 
3.321400e-01 
3.344700e-01 
3.386900e-01 
3.408300e-01 
3.451000e-01 
3.473300e-01 
3.514500e-01 
3.538700e-01 
3.576500e-01 
3.605400e-01 
3.638600e-01 
3.671500e-01 
3.700500e-01 
3.737200e-01 
3.763800e-01 
3.802500e-01 
3.828500e-01 
3.867300e-01 
3.892700e-01 
3.930800e-01 
3.957400e-01 
3.993600e-01 
4.023300e-01 
4.056800e-01 
4.088700e-01 
4.119300e-01 
4.154000e-01 
4.183200e-01 
4.218600e-01 
4.247100e-01 
4.282200e-01 
4.311600e-01 
4.345400e-01 
4.376400e-01 
4.409700e-01 
4.440900e-01 
4.473700e-01 
4.504800e-01 
4.535700e-01 
4.569400e-01 
4.600600e-01 
4.634200e-01 
4.664900e-01 
4.697900e-01 
4.728900e-01 
4.761800e-01 
4.793800e-01 
4.825800e-01 
4.857900e-01 
4.889100e-01 
4.922300e-01 
4.953300e-01 
4.987300e-01 
5.017300e-01 
5.051400e-01 
5.081800e-01 
5.114900e-01 
5.147100e-01 
5.179600e-01 
5.210700e-01 
5.244500e-01 
5.275600e-01 
5.307900e-01 
5.339900e-01 
5.371100e-01 
5.404300e-01 
5.435800e-01 
5.468800e-01 
5.500100e-01 
5.532400e-01 
5.564500e-01 
5.596100e-01 
5.629100e-01 
5.660600e-01 
5.693000e-01 
5.725700e-01 
5.758300e-01 
5.793500e-01 
5.826800e-01 
5.858100e-01 
5.891400e-01 
5.922700e-01 
5.956000e-01 
5.987800e-01 
6.022400e-01 
6.053700e-01 
6.086900e-01 
6.118500e-01 
6.151000e-01 
6.182700e-01 
6.215800e-01 
6.248000e-01 
6.279300e-01 
6.311800e-01 
6.344600e-01 
6.377200e-01 
6.408200e-01 
6.442500e-01 
6.473800e-01 
6.507200e-01 
6.538500e-01 
6.570800e-01 
6.602600e-01 
6.634300e-01 
6.667000e-01 
6.699600e-01 
6.730900e-01 
6.763900e-01 
6.794200e-01 
6.828100e-01 
6.859100e-01 
6.892400e-01 
6.923400e-01 
6.956300e-01 
6.987200e-01 
7.020700e-01 
7.052200e-01 
7.084500e-01 
7.116600e-01 
7.149400e-01 
7.181400e-01 
7.214100e-01 
7.246500e-01 
7.278300e-01 
7.311200e-01 
7.342800e-01 
7.376800e-01 
7.407800e-01 
7.441100e-01 
7.472300e-01 
7.505700e-01 
7.535800e-01 
7.568400e-01 
7.600400e-01 
7.632800e-01 
7.665900e-01 
7.697300e-01 
7.730100e-01 
7.760700e-01 
7.794600e-01 
7.825700e-01 
7.859100e-01 
7.890500e-01 
7.922800e-01 
7.955300e-01 
7.986900e-01 
8.019000e-01 
8.050800e-01 
8.083400e-01 
8.115000e-01 
8.148700e-01 
8.179500e-01 
8.214000e-01 
8.244000e-01 
8.278000e-01 
8.309100e-01 
8.341600e-01 
8.373500e-01 
8.405400e-01 
8.438400e-01 
8.468900e-01 
8.503000e-01 
8.533700e-01 
8.566300e-01 
8.597600e-01 
8.630300e-01 
8.662800e-01 
8.694100e-01 
8.727400e-01 
8.757600e-01 
8.791700e-01 
8.821900e-01 
8.855800e-01 
8.886600e-01 
8.920200e-01 
8.951800e-01 
8.985000e-01 
9.016100e-01 
9.049300e-01 
9.081500e-01 
9.113400e-01 
9.146200e-01 
9.178000e-01 
9.211100e-01 
9.242300e-01 
9.276100e-01 
9.306900e-01 
9.340300e-01 
9.372100e-01 
9.404400e-01 
9.435900e-01 
9.467800e-01 
9.500500e-01 
9.533800e-01 
9.566200e-01 
9.597500e-01 
9.631200e-01 
9.661100e-01 
9.695400e-01 
9.726100e-01 
9.759500e-01 
9.791100e-01 
9.823200e-01 
9.856700e-01 
9.888600e-01 
9.920600e-01 
9.952300e-01 
9.984900e-01 
1.001600e+00 
1.004940e+00 
1.008000e+00 
1.011330e+00 
1.014460e+00 
1.017700e+00 
1.020950e+00 
1.024230e+00 
1.027400e+00 
1.030660e+00 
1.033780e+00 
1.037050e+00 
1.040240e+00 
1.043550e+00 
1.046850e+00 
1.050010e+00 
1.053250e+00 
1.056370e+00 
1.059620e+00 
1.062780e+00 
1.066260e+00 
1.069370e+00 
1.072690e+00 
1.075820e+00 
1.079190e+00 
1.082210e+00 
1.085620e+00 
1.088650e+00 
1.092020e+00 
1.095040e+00 
1.098410e+00 
1.101450e+00 
1.104820e+00 
1.107950e+00 
1.111220e+00 
1.114530e+00 
1.117690e+00 
1.121000e+00 
1.124110e+00 
1.127380e+00 
1.130570e+00 
1.133800e+00 
1.137010e+00 
1.140230e+00 
1.143610e+00 
1.146940e+00 
1.150070e+00 
1.153290e+00 
1.156470e+00 
1.159700e+00 
1.162890e+00 
1.166150e+00 
1.169460e+00 
1.172560e+00 
1.175860e+00 
1.178970e+00 
1.182320e+00 
1.185430e+00 
1.188710e+00 
1.191900e+00 
1.195190e+00 
1.198470e+00 
1.201690e+00 
1.204870e+00 
1.208060e+00 
1.211370e+00 
1.214560e+00 
1.217890e+00 
1.221150e+00 
1.224390e+00 
1.227700e+00 
1.230820e+00 
1.234240e+00 
1.237380e+00 
1.240620e+00 
1.243850e+00 
1.247050e+00 
1.250340e+00 
1.253470e+00 
1.256820e+00 
1.260020e+00 
1.263230e+00 
1.266430e+00 
1.269640e+00 
1.272980e+00 
1.276270e+00 
1.279480e+00 
1.282700e+00 
1.285930e+00 
1.289080e+00 
1.292320e+00 
1.295450e+00 
1.298780e+00 
1.301910e+00 
1.305210e+00 
1.308290e+00 
1.311700e+00 
1.314830e+00 
1.318040e+00 
1.321260e+00 
1.324460e+00 
1.327750e+00 
1.330950e+00 
1.334220e+00 
1.337430e+00 
1.340660e+00 
1.343910e+00 
1.347070e+00 
1.350300e+00 
1.353390e+00 
1.356690e+00 
1.359860e+00 
1.363130e+00 
1.366350e+00 
1.369490e+00 
1.372830e+00 
1.375940e+00 
1.379290e+00 
1.382440e+00 
1.385720e+00 
1.388860e+00 
1.392060e+00 
1.395300e+00 
1.398490e+00 
1.401770e+00 
1.404940e+00 
1.408300e+00 
1.411350e+00 
1.414610e+00 
1.417800e+00 
1.421030e+00 
1.424270e+00 
1.427420e+00 
1.430800e+00 
1.433930e+00 
1.437260e+00 
1.440400e+00 
1.443700e+00 
1.446820e+00 
1.450160e+00 
1.453340e+00 
1.456540e+00 
1.459790e+00 
1.462930e+00 
1.466210e+00 
1.469500e+00 
1.472810e+00 
1.475980e+00 
1.479230e+00 
1.482500e+00 
1.485800e+00 
1.488970e+00 
1.492190e+00 
1.495430e+00 
1.498600e+00 
1.501920e+00 
1.505120e+00 
1.508440e+00 
1.511560e+00 
1.514890e+00 
1.518060e+00 
1.521310e+00 
1.524580e+00 
1.527790e+00 
1.531150e+00 
1.534230e+00 
1.537520e+00 
1.540730e+00 
1.543910e+00 
1.547140e+00 
1.550320e+00 
1.553630e+00 
1.556830e+00 
1.560130e+00 
1.563350e+00 
1.566620e+00 
1.569800e+00 
1.572970e+00 
1.576220e+00 
1.579340e+00 
1.582680e+00 
1.585790e+00 
1.589080e+00 
1.592200e+00 
1.595500e+00 
1.598690e+00 
1.601920e+00 
1.605290e+00 
1.608380e+00 
1.611690e+00 
1.614820e+00 
1.618180e+00 
1.621190e+00 
1.624550e+00 
1.627630e+00 
1.630980e+00 
1.634020e+00 
1.637400e+00 
1.640480e+00 
1.643750e+00 
1.646920e+00 
1.650220e+00 
1.653440e+00 
1.656670e+00 
1.659940e+00 
1.663090e+00 
1.666380e+00 
1.669530e+00 
1.672800e+00 
1.675880e+00 
1.679270e+00 
1.682280e+00 
1.685760e+00 
1.688840e+00 
1.692180e+00 
1.695230e+00 
1.698530e+00 
1.701830e+00 
1.704970e+00 
1.708260e+00 
1.711380e+00 
1.714730e+00 
1.717780e+00 
1.721090e+00 
1.724220e+00 
1.727430e+00 
1.730700e+00 
1.733930e+00 
1.737140e+00 
1.740370e+00 
1.743630e+00 
1.746770e+00 
1.750000e+00 
1.753080e+00 
1.756370e+00 
1.759510e+00 
1.762870e+00 
1.765990e+00 
1.769310e+00 
1.772460e+00 
1.775700e+00 
1.779030e+00 
1.782190e+00 
1.785560e+00 
1.788550e+00 
1.791950e+00 
1.794980e+00 
1.798320e+00 
1.801410e+00 
1.804780e+00 
1.808000e+00 
1.811310e+00 
1.814580e+00 
1.817670e+00 
1.821010e+00 
1.824120e+00 
1.827440e+00 
1.830600e+00 
1.833890e+00 
1.837080e+00 
1.840240e+00 
1.843620e+00 
1.846760e+00 
1.849990e+00 
1.853170e+00 
1.856480e+00 
1.859540e+00 
1.862830e+00 
1.866030e+00 
1.869250e+00 
1.872360e+00 
1.875680e+00 
1.878780e+00 
1.882120e+00 
1.885270e+00 
1.888480e+00 
1.891710e+00 
1.894970e+00 
1.898200e+00 
1.901290e+00 
1.904670e+00 
1.907790e+00 
1.911100e+00 
1.914260e+00 
1.917550e+00 
1.920720e+00 
1.923910e+00 
1.927290e+00 
1.930450e+00 
1.933780e+00 
1.937040e+00 
1.940290e+00 
1.943370e+00 
1.946730e+00 
1.949840e+00 
1.953140e+00 
1.956260e+00 
1.959550e+00 
1.962670e+00 
1.965950e+00 
1.969210e+00 
1.972440e+00 
1.975690e+00 
1.978900e+00 
1.982220e+00 
1.985370e+00 
1.988650e+00 
1.991760e+00 
1.995040e+00 
1.998240e+00 
2.001460e+00 
2.004570e+00 
2.007890e+00 
2.011110e+00 
2.014340e+00 
2.017650e+00 
2.020820e+00 
2.024110e+00 
2.027190e+00 
2.030620e+00 
2.033670e+00 
2.037100e+00 
2.040170e+00 
2.043540e+00 
2.046600e+00 
2.049860e+00 
2.053190e+00 
2.056310e+00 
2.059720e+00 
2.062750e+00 
2.066130e+00 
2.069170e+00 
2.072510e+00 
2.075680e+00 
2.079040e+00 
2.082160e+00 
2.085390e+00 
2.088550e+00 
2.091760e+00 
2.095090e+00 
2.098220e+00 
2.101590e+00 
2.104750e+00 
2.107990e+00 
2.111150e+00 
2.114490e+00 
2.117490e+00 
2.121010e+00 
2.123990e+00 
2.127380e+00 
2.130420e+00 
2.133800e+00 
2.136920e+00 
2.140260e+00 
2.143470e+00 
2.146700e+00 
2.149890e+00 
2.153140e+00 
2.156350e+00 
2.159610e+00 
2.162870e+00 
2.165970e+00 
2.169250e+00 
2.172470e+00 
2.175710e+00 
2.178890e+00 
2.182340e+00 
2.185470e+00 
2.188650e+00 
2.192070e+00 
2.195100e+00 
2.198470e+00 
2.201540e+00 
2.204830e+00 
2.208060e+00 
2.211250e+00 
2.214470e+00 
2.217610e+00 
2.220870e+00 
2.224030e+00 
2.227400e+00 
2.230520e+00 
2.233830e+00 
2.236950e+00 
2.240220e+00 
2.243330e+00 
2.246620e+00 
2.249880e+00 
2.253140e+00 
2.256280e+00 
2.259600e+00 
2.262760e+00 
2.266030e+00 
2.269270e+00 
2.272360e+00 
2.275650e+00 
2.278770e+00 
2.282130e+00 
2.285270e+00 
2.288500e+00 
2.291600e+00 
2.294890e+00 
2.298070e+00 
2.301320e+00 
2.304570e+00 
2.307820e+00 
2.311030e+00 
2.314190e+00 
2.317490e+00 
2.320830e+00 
2.324060e+00 
2.327290e+00 
2.330530e+00 
2.333720e+00 
2.336980e+00 
2.340150e+00 
2.343370e+00 
2.346570e+00 
2.349870e+00 
2.353090e+00 
2.356260e+00 
2.359500e+00 
2.362680e+00 
2.365960e+00 
2.369090e+00 
2.372460e+00 
2.375600e+00 
2.378740e+00 
2.382120e+00 
2.385140e+00 
2.388530e+00 
2.391560e+00 
2.394890e+00 
2.398120e+00 
2.401400e+00 
2.404560e+00 
2.407680e+00 
2.411060e+00 
2.414060e+00 
2.417500e+00 
2.420520e+00 
2.423950e+00 
2.427070e+00 
2.430270e+00 
2.433560e+00 
2.436640e+00 
2.440090e+00 
2.443120e+00 
2.446410e+00 
2.449680e+00 
2.452810e+00 
2.456120e+00 
2.459090e+00 
2.462580e+00 
2.465590e+00 
2.469130e+00 
2.471970e+00 
2.475470e+00 
2.478870e+00 
2.481820e+00 
2.485200e+00 
2.488140e+00 
2.491730e+00 
2.494500e+00 
2.498140e+00 
2.501230e+00 
2.504470e+00 
2.507750e+00 
2.510940e+00 
2.514090e+00 
2.517530e+00 
2.520490e+00 
2.524110e+00 
2.527030e+00 
2.530720e+00 
2.533480e+00 
2.537150e+00 
2.540120e+00 
2.543380e+00 
2.546740e+00 
2.549650e+00 
2.553330e+00 
2.555840e+00 
2.559900e+00 
2.562490e+00 
2.566380e+00 
2.568700e+00 
2.572860e+00 
2.575300e+00 
2.579040e+00 
2.582060e+00 
2.585230e+00 
2.588840e+00 
2.591510e+00 
2.595170e+00 
2.597870e+00 
2.601640e+00 
2.604470e+00 
2.608010e+00 
2.610680e+00 
2.614440e+00 
2.617150e+00 
2.621090e+00 
2.623600e+00 
2.627130e+00 
2.630430e+00 
2.633070e+00 
2.637350e+00 
2.639250e+00 
2.644000e+00 
2.645850e+00 
2.650710e+00 
2.652490e+00 
2.657320e+00 
2.659180e+00 
2.663740e+00 
2.665900e+00 
2.670090e+00 
2.672640e+00 
2.676460e+00 
2.679300e+00 
2.682650e+00 
2.686260e+00 
2.688540e+00 
2.692790e+00 
2.695340e+00 
2.699060e+00 
