1.035000e-02 
1.860000e-02 
2.473000e-02 
2.791000e-02 
3.533000e-02 
3.716000e-02 
4.442000e-02 
4.650000e-02 
5.370000e-02 
5.582000e-02 
6.290000e-02 
6.527000e-02 
7.219000e-02 
7.458000e-02 
8.137000e-02 
8.405000e-02 
9.054000e-02 
9.349000e-02 
9.968000e-02 
1.030000e-01 
1.085500e-01 
1.123900e-01 
1.179700e-01 
1.219000e-01 
1.270600e-01 
1.313800e-01 
1.361400e-01 
1.409700e-01 
1.454500e-01 
1.504400e-01 
1.549900e-01 
1.600200e-01 
1.637200e-01 
1.697200e-01 
1.724800e-01 
1.793400e-01 
1.817800e-01 
1.888500e-01 
1.910500e-01 
1.983600e-01 
2.003400e-01 
2.078900e-01 
2.094600e-01 
2.173600e-01 
2.187500e-01 
2.268700e-01 
2.277700e-01 
2.361800e-01 
2.369200e-01 
2.454300e-01 
2.464100e-01 
2.546900e-01 
2.557700e-01 
2.636500e-01 
2.652500e-01 
2.726500e-01 
2.748800e-01 
2.819100e-01 
2.844700e-01 
2.908500e-01 
2.941700e-01 
2.999700e-01 
3.038900e-01 
3.090000e-01 
3.136300e-01 
3.179300e-01 
3.232500e-01 
3.269400e-01 
3.329000e-01 
3.361600e-01 
3.425600e-01 
3.454900e-01 
3.459700e-01 
3.455700e-01 
3.457900e-01 
3.456500e-01 
3.457100e-01 
3.457500e-01 
3.456400e-01 
3.456800e-01 
3.458200e-01 
3.456500e-01 
3.457100e-01 
3.455800e-01 
3.458000e-01 
3.454900e-01 
3.458300e-01 
3.454400e-01 
3.458900e-01 
3.453500e-01 
3.460000e-01 
3.455000e-01 
3.456500e-01 
3.458500e-01 
3.457100e-01 
3.455300e-01 
3.459800e-01 
3.452900e-01 
3.462300e-01 
3.452200e-01 
3.463000e-01 
3.451400e-01 
3.462300e-01 
3.452600e-01 
3.460100e-01 
3.453900e-01 
3.461200e-01 
3.453300e-01 
3.459600e-01 
3.455000e-01 
3.458300e-01 
3.454200e-01 
3.459100e-01 
3.453600e-01 
3.460000e-01 
3.455100e-01 
3.460700e-01 
3.454600e-01 
3.458600e-01 
3.454000e-01 
3.458900e-01 
3.455800e-01 
3.460000e-01 
3.451900e-01 
3.463700e-01 
3.454300e-01 
3.458500e-01 
3.453300e-01 
3.452500e-01 
3.461900e-01 
3.453700e-01 
3.464700e-01 
3.447900e-01 
3.467200e-01 
3.444700e-01 
3.467500e-01 
3.448900e-01 
3.462800e-01 
3.449400e-01 
3.465900e-01 
3.446300e-01 
3.469400e-01 
3.447200e-01 
3.464300e-01 
3.452400e-01 
3.463400e-01 
3.449000e-01 
3.462100e-01 
3.450000e-01 
3.460500e-01 
3.451700e-01 
3.463300e-01 
3.448800e-01 
3.467000e-01 
3.450300e-01 
3.465500e-01 
3.446800e-01 
3.469500e-01 
3.437200e-01 
3.478800e-01 
3.432700e-01 
3.478100e-01 
3.440200e-01 
3.476300e-01 
3.435400e-01 
3.474900e-01 
3.437200e-01 
3.478800e-01 
3.432700e-01 
3.484000e-01 
3.433100e-01 
3.482600e-01 
3.428100e-01 
3.488000e-01 
3.429800e-01 
3.479700e-01 
3.431400e-01 
3.485300e-01 
3.426200e-01 
3.497700e-01 
3.420500e-01 
3.496300e-01 
3.414900e-01 
3.502000e-01 
3.416200e-01 
3.500500e-01 
3.410400e-01 
3.499200e-01 
3.419600e-01 
3.488800e-01 
3.421700e-01 
3.494800e-01 
3.416600e-01 
3.500600e-01 
3.410500e-01 
3.506600e-01 
3.405900e-01 
3.511700e-01 
3.393200e-01 
3.523700e-01 
3.396900e-01 
3.511700e-01 
3.409900e-01 
3.507900e-01 
3.405000e-01 
3.511800e-01 
3.400500e-01 
3.508100e-01 
3.413100e-01 
3.495700e-01 
3.425500e-01 
3.483000e-01 
3.459300e-01 
3.523300e-01 
3.557300e-01 
3.599600e-01 
3.666200e-01 
3.675900e-01 
3.774100e-01 
3.762600e-01 
3.874100e-01 
3.849700e-01 
3.980900e-01 
3.928000e-01 
4.085200e-01 
4.008400e-01 
4.187900e-01 
4.091200e-01 
4.288600e-01 
4.182000e-01 
4.383200e-01 
4.267900e-01 
4.480000e-01 
4.361000e-01 
4.573000e-01 
4.451600e-01 
4.665600e-01 
4.544100e-01 
4.756300e-01 
4.639200e-01 
4.844900e-01 
4.736400e-01 
4.930800e-01 
4.837200e-01 
5.015500e-01 
4.938600e-01 
5.101200e-01 
5.040600e-01 
5.185700e-01 
5.141900e-01 
5.270400e-01 
5.245600e-01 
5.358600e-01 
5.347100e-01 
5.439900e-01 
5.452100e-01 
5.523900e-01 
5.554400e-01 
5.605400e-01 
5.657300e-01 
5.689000e-01 
5.757200e-01 
5.774000e-01 
5.855200e-01 
5.862100e-01 
5.949200e-01 
5.955100e-01 
6.041800e-01 
6.049400e-01 
6.133000e-01 
6.147000e-01 
6.221000e-01 
6.244700e-01 
6.307600e-01 
6.342700e-01 
6.394200e-01 
6.441100e-01 
6.481800e-01 
6.537600e-01 
6.570800e-01 
6.633700e-01 
6.664400e-01 
6.727600e-01 
6.757400e-01 
6.819900e-01 
6.851200e-01 
6.910100e-01 
6.945600e-01 
7.000600e-01 
7.040800e-01 
7.090200e-01 
7.135800e-01 
7.179600e-01 
7.231500e-01 
7.271200e-01 
7.326500e-01 
7.366000e-01 
7.422700e-01 
7.460700e-01 
7.517900e-01 
7.556000e-01 
7.609900e-01 
7.648900e-01 
7.701700e-01 
7.742600e-01 
7.794100e-01 
7.836800e-01 
7.885600e-01 
7.932200e-01 
7.978800e-01 
8.025900e-01 
8.070500e-01 
8.118200e-01 
8.162400e-01 
8.211200e-01 
8.254900e-01 
8.303200e-01 
8.347200e-01 
8.394600e-01 
8.441400e-01 
8.488000e-01 
8.534400e-01 
8.579900e-01 
8.627400e-01 
8.671400e-01 
8.719700e-01 
8.764200e-01 
8.811800e-01 
8.857400e-01 
8.904900e-01 
8.949800e-01 
8.997600e-01 
9.042800e-01 
9.088600e-01 
9.135300e-01 
9.182500e-01 
9.227000e-01 
9.275800e-01 
9.320700e-01 
9.369200e-01 
9.416200e-01 
9.464700e-01 
9.512700e-01 
9.559700e-01 
9.607100e-01 
9.652300e-01 
9.697900e-01 
9.744700e-01 
9.791800e-01 
9.839700e-01 
9.885800e-01 
9.933900e-01 
9.979000e-01 
1.002730e+00 
1.007150e+00 
1.012030e+00 
1.016480e+00 
1.021350e+00 
1.025950e+00 
1.030650e+00 
1.035390e+00 
1.040060e+00 
1.044700e+00 
1.049370e+00 
1.054130e+00 
1.058690e+00 
1.063390e+00 
1.068040e+00 
1.072740e+00 
1.077360e+00 
1.082150e+00 
1.086940e+00 
1.091730e+00 
1.096240e+00 
1.101060e+00 
1.105590e+00 
1.110350e+00 
1.115060e+00 
1.119740e+00 
1.124480e+00 
1.129100e+00 
1.133800e+00 
1.138300e+00 
1.143060e+00 
1.147420e+00 
1.152230e+00 
1.156630e+00 
1.161450e+00 
1.165870e+00 
1.170680e+00 
1.175170e+00 
1.179920e+00 
1.184440e+00 
1.189060e+00 
1.193730e+00 
1.198230e+00 
1.203000e+00 
1.207470e+00 
1.212370e+00 
1.216810e+00 
1.221520e+00 
1.226070e+00 
1.230780e+00 
1.235310e+00 
1.239980e+00 
1.244870e+00 
1.249530e+00 
1.254150e+00 
1.258780e+00 
1.263360e+00 
1.267980e+00 
1.272640e+00 
1.277210e+00 
1.281840e+00 
1.286480e+00 
1.291060e+00 
1.295670e+00 
1.300300e+00 
1.304970e+00 
1.309670e+00 
1.314330e+00 
1.318850e+00 
1.323490e+00 
1.328160e+00 
1.332820e+00 
1.337490e+00 
1.342050e+00 
1.346710e+00 
1.351340e+00 
1.355950e+00 
1.360510e+00 
1.365170e+00 
1.369840e+00 
1.374350e+00 
1.379100e+00 
1.383690e+00 
1.388300e+00 
1.392850e+00 
1.397530e+00 
1.402090e+00 
1.406780e+00 
1.411350e+00 
1.415980e+00 
1.420490e+00 
1.425210e+00 
1.429880e+00 
1.434330e+00 
1.439070e+00 
1.443680e+00 
1.448290e+00 
1.453060e+00 
1.457840e+00 
1.462790e+00 
1.467240e+00 
1.472050e+00 
1.476690e+00 
1.481330e+00 
1.485980e+00 
1.490980e+00 
1.495620e+00 
1.500200e+00 
1.504870e+00 
1.509510e+00 
1.514310e+00 
1.519010e+00 
1.523860e+00 
1.528670e+00 
1.533370e+00 
1.538110e+00 
1.542800e+00 
1.547710e+00 
1.552490e+00 
1.557140e+00 
1.561880e+00 
1.566530e+00 
1.571410e+00 
1.576100e+00 
1.580870e+00 
1.585560e+00 
1.590350e+00 
1.594850e+00 
1.599660e+00 
1.604330e+00 
1.609060e+00 
1.613850e+00 
1.618520e+00 
1.623260e+00 
1.628160e+00 
1.632840e+00 
1.637580e+00 
1.642340e+00 
1.647080e+00 
1.651910e+00 
1.656530e+00 
1.661210e+00 
1.665730e+00 
1.670530e+00 
1.675230e+00 
1.679950e+00 
1.684640e+00 
1.689270e+00 
1.693940e+00 
1.698790e+00 
1.703680e+00 
1.708350e+00 
1.713080e+00 
1.717880e+00 
1.722870e+00 
1.727510e+00 
1.732330e+00 
1.736920e+00 
1.741790e+00 
1.746500e+00 
1.751400e+00 
1.756210e+00 
1.761040e+00 
1.765610e+00 
1.770320e+00 
1.775040e+00 
1.779720e+00 
1.784530e+00 
1.789160e+00 
1.793940e+00 
1.798610e+00 
1.803390e+00 
1.808150e+00 
1.812890e+00 
1.817620e+00 
1.822300e+00 
1.826960e+00 
1.831670e+00 
1.836370e+00 
1.841120e+00 
1.845810e+00 
1.850590e+00 
1.855230e+00 
1.860000e+00 
1.864670e+00 
1.869360e+00 
1.874320e+00 
1.879020e+00 
1.883900e+00 
1.888330e+00 
1.893090e+00 
1.897580e+00 
1.902290e+00 
1.906840e+00 
1.911520e+00 
1.916260e+00 
1.920770e+00 
1.925550e+00 
1.929930e+00 
1.934890e+00 
1.939100e+00 
1.944120e+00 
1.948330e+00 
1.953340e+00 
1.957760e+00 
1.962600e+00 
1.967140e+00 
1.971880e+00 
1.976430e+00 
1.981100e+00 
1.985710e+00 
1.990220e+00 
1.995060e+00 
1.999420e+00 
2.004220e+00 
2.008830e+00 
2.013710e+00 
2.018160e+00 
2.022850e+00 
2.027480e+00 
2.032080e+00 
2.036680e+00 
2.041320e+00 
2.045970e+00 
2.050510e+00 
2.055110e+00 
2.059670e+00 
2.064360e+00 
2.069130e+00 
2.074090e+00 
2.078640e+00 
2.083320e+00 
2.087880e+00 
2.092580e+00 
2.097290e+00 
2.102070e+00 
2.106840e+00 
2.111460e+00 
2.116220e+00 
2.120850e+00 
2.125710e+00 
2.130310e+00 
2.135190e+00 
2.139860e+00 
2.144600e+00 
2.149210e+00 
2.153930e+00 
2.158570e+00 
2.163380e+00 
2.167990e+00 
2.172780e+00 
2.177470e+00 
2.182200e+00 
2.186910e+00 
2.191500e+00 
2.196380e+00 
2.201010e+00 
2.205920e+00 
2.210340e+00 
2.215090e+00 
2.219640e+00 
2.224590e+00 
2.229030e+00 
2.234040e+00 
2.238460e+00 
2.243410e+00 
2.248050e+00 
2.252940e+00 
2.257410e+00 
2.262240e+00 
2.266890e+00 
2.271560e+00 
2.276270e+00 
2.280800e+00 
2.285670e+00 
2.290160e+00 
2.294980e+00 
2.299340e+00 
2.304170e+00 
2.308540e+00 
2.313500e+00 
2.317760e+00 
2.322770e+00 
2.327210e+00 
2.332160e+00 
2.336660e+00 
2.341580e+00 
2.346030e+00 
2.350690e+00 
2.355220e+00 
2.359970e+00 
2.364590e+00 
2.369330e+00 
2.373810e+00 
2.378530e+00 
2.383140e+00 
2.387850e+00 
2.392500e+00 
2.397050e+00 
2.401670e+00 
2.406340e+00 
2.410870e+00 
2.415650e+00 
2.420270e+00 
2.424790e+00 
2.429620e+00 
2.434060e+00 
2.438770e+00 
2.443590e+00 
2.448350e+00 
2.452890e+00 
2.457680e+00 
2.462280e+00 
2.467000e+00 
2.471560e+00 
2.476220e+00 
2.480960e+00 
2.485440e+00 
2.490210e+00 
2.494730e+00 
2.499520e+00 
2.504040e+00 
2.508790e+00 
2.513260e+00 
2.518090e+00 
2.522520e+00 
2.527230e+00 
2.531770e+00 
2.536540e+00 
2.541100e+00 
2.545840e+00 
2.550310e+00 
2.555090e+00 
2.559680e+00 
2.564370e+00 
2.569110e+00 
2.573720e+00 
2.578660e+00 
2.582970e+00 
2.587940e+00 
2.592180e+00 
2.597290e+00 
2.601420e+00 
2.606660e+00 
2.610820e+00 
2.615810e+00 
2.620150e+00 
2.624970e+00 
2.629460e+00 
2.634160e+00 
2.638760e+00 
2.643270e+00 
2.648110e+00 
2.652390e+00 
2.657410e+00 
2.661670e+00 
2.666620e+00 
2.670910e+00 
2.675800e+00 
2.680220e+00 
2.685020e+00 
2.689560e+00 
2.694160e+00 
2.698850e+00 
2.703410e+00 
2.708270e+00 
2.712540e+00 
2.717500e+00 
2.721770e+00 
2.726720e+00 
2.731200e+00 
2.736020e+00 
2.740600e+00 
2.745460e+00 
2.750050e+00 
2.754890e+00 
2.759340e+00 
2.764320e+00 
2.768910e+00 
2.773600e+00 
2.778340e+00 
2.782830e+00 
2.787740e+00 
2.792100e+00 
2.797060e+00 
2.801440e+00 
2.806570e+00 
2.810980e+00 
2.816040e+00 
2.820290e+00 
2.825420e+00 
2.829770e+00 
2.834640e+00 
2.839200e+00 
2.843790e+00 
2.848470e+00 
2.853240e+00 
2.857840e+00 
2.862570e+00 
2.867290e+00 
2.871960e+00 
2.876730e+00 
2.881390e+00 
2.886190e+00 
2.890860e+00 
2.895500e+00 
2.900090e+00 
2.904700e+00 
2.909460e+00 
2.914140e+00 
2.918980e+00 
2.923550e+00 
2.928320e+00 
2.932850e+00 
2.937710e+00 
2.941970e+00 
2.947070e+00 
2.951500e+00 
2.956500e+00 
2.961030e+00 
2.966020e+00 
2.970390e+00 
2.975140e+00 
2.979730e+00 
2.984390e+00 
2.989130e+00 
2.993650e+00 
2.998330e+00 
3.002920e+00 
3.007770e+00 
3.012180e+00 
3.017030e+00 
3.021300e+00 
3.026230e+00 
3.030630e+00 
3.035390e+00 
3.039910e+00 
3.044610e+00 
3.049170e+00 
3.053810e+00 
3.058620e+00 
3.063240e+00 
3.067980e+00 
3.072390e+00 
3.078930e+00 
3.079900e+00 
3.088300e+00 
3.089160e+00 
3.097320e+00 
3.098740e+00 
3.106510e+00 
3.108520e+00 
3.115050e+00 
3.118420e+00 
3.123490e+00 
3.128550e+00 
3.132580e+00 
3.137930e+00 
3.141550e+00 
3.147370e+00 
3.150880e+00 
3.156770e+00 
3.160180e+00 
3.166100e+00 
3.169370e+00 
3.175200e+00 
3.178820e+00 
3.184170e+00 
3.188340e+00 
3.193290e+00 
3.197890e+00 
3.202470e+00 
3.207390e+00 
3.211920e+00 
3.216490e+00 
3.221580e+00 
3.226100e+00 
3.230940e+00 
3.235540e+00 
3.240150e+00 
3.245070e+00 
3.249410e+00 
3.254600e+00 
3.258590e+00 
3.263980e+00 
3.267960e+00 
3.273180e+00 
3.277400e+00 
3.282540e+00 
3.286950e+00 
3.291840e+00 
3.296270e+00 
3.301140e+00 
3.305960e+00 
3.310320e+00 
3.315250e+00 
3.319560e+00 
3.324440e+00 
3.328890e+00 
3.333880e+00 
3.338480e+00 
3.343220e+00 
3.347970e+00 
3.352310e+00 
3.357550e+00 
3.361650e+00 
3.367000e+00 
3.370950e+00 
3.376460e+00 
3.379940e+00 
3.385730e+00 
3.389420e+00 
3.395090e+00 
3.399160e+00 
3.404470e+00 
3.408680e+00 
3.413730e+00 
3.418200e+00 
3.423390e+00 
3.427960e+00 
3.432610e+00 
3.437500e+00 
3.441920e+00 
3.447280e+00 
3.451410e+00 
3.456610e+00 
3.460810e+00 
3.465900e+00 
3.469950e+00 
3.475230e+00 
3.479150e+00 
3.484390e+00 
3.488640e+00 
3.493580e+00 
3.498070e+00 
3.502990e+00 
3.507240e+00 
3.512040e+00 
3.516790e+00 
3.521440e+00 
3.526210e+00 
3.530710e+00 
3.535530e+00 
3.540020e+00 
3.544740e+00 
3.549100e+00 
3.553980e+00 
3.558320e+00 
3.563380e+00 
3.567560e+00 
3.572760e+00 
3.576910e+00 
3.582230e+00 
3.586470e+00 
3.591680e+00 
3.595910e+00 
3.601090e+00 
3.605530e+00 
3.610430e+00 
3.615110e+00 
3.619780e+00 
3.624530e+00 
3.628990e+00 
3.633890e+00 
3.638530e+00 
3.643530e+00 
3.647900e+00 
3.652890e+00 
3.657390e+00 
3.662380e+00 
3.666780e+00 
3.671860e+00 
3.676360e+00 
3.681360e+00 
3.685640e+00 
3.690850e+00 
3.695150e+00 
3.700330e+00 
3.704700e+00 
3.709810e+00 
3.714140e+00 
3.719290e+00 
3.723790e+00 
3.728840e+00 
3.733320e+00 
3.738230e+00 
3.742860e+00 
3.747650e+00 
3.752620e+00 
3.757260e+00 
3.762070e+00 
3.766670e+00 
3.771620e+00 
3.776000e+00 
3.781100e+00 
3.785460e+00 
3.790620e+00 
3.794710e+00 
3.799780e+00 
3.804040e+00 
3.809220e+00 
3.813730e+00 
3.818910e+00 
3.823400e+00 
3.828140e+00 
3.833020e+00 
3.837620e+00 
3.842530e+00 
3.847130e+00 
3.852080e+00 
3.856640e+00 
3.861700e+00 
3.866240e+00 
3.871300e+00 
3.875710e+00 
3.880520e+00 
3.884840e+00 
3.889810e+00 
3.894490e+00 
3.899220e+00 
3.903930e+00 
3.908840e+00 
3.913510e+00 
3.918220e+00 
3.923030e+00 
3.927740e+00 
3.932610e+00 
3.937350e+00 
3.942120e+00 
3.946730e+00 
3.951510e+00 
3.956170e+00 
3.961210e+00 
3.965610e+00 
3.970560e+00 
3.975170e+00 
3.980020e+00 
3.984990e+00 
3.989550e+00 
3.994380e+00 
3.998870e+00 
4.003900e+00 
4.008400e+00 
4.013340e+00 
4.017900e+00 
4.022730e+00 
4.027230e+00 
4.032240e+00 
4.036920e+00 
4.041590e+00 
4.046280e+00 
4.051200e+00 
4.056330e+00 
4.060050e+00 
4.066080e+00 
4.069450e+00 
4.075790e+00 
4.078710e+00 
4.085240e+00 
4.088120e+00 
4.094690e+00 
4.097600e+00 
4.104090e+00 
4.107360e+00 
4.113540e+00 
4.116850e+00 
4.122970e+00 
4.126680e+00 
4.131930e+00 
4.136160e+00 
4.141150e+00 
4.145560e+00 
4.150510e+00 
4.155120e+00 
4.159850e+00 
4.164630e+00 
4.169080e+00 
4.174250e+00 
4.178410e+00 
4.183900e+00 
4.187940e+00 
4.193310e+00 
4.197400e+00 
4.202390e+00 
4.206890e+00 
4.211730e+00 
4.216760e+00 
4.221180e+00 
4.226340e+00 
4.230500e+00 
4.235980e+00 
4.239930e+00 
4.245520e+00 
4.249540e+00 
4.254990e+00 
4.259140e+00 
4.264310e+00 
4.268690e+00 
4.273600e+00 
4.278040e+00 
4.282890e+00 
4.287450e+00 
4.292400e+00 
4.296790e+00 
4.301650e+00 
4.306090e+00 
4.311020e+00 
4.315320e+00 
4.320120e+00 
4.324660e+00 
4.329430e+00 
4.333820e+00 
4.338750e+00 
4.343170e+00 
4.348030e+00 
4.352540e+00 
4.357290e+00 
4.361770e+00 
4.366620e+00 
4.371160e+00 
4.375720e+00 
4.380730e+00 
4.384970e+00 
4.390070e+00 
4.394340e+00 
4.399430e+00 
4.403610e+00 
4.408590e+00 
4.412910e+00 
4.418000e+00 
4.422310e+00 
4.427060e+00 
4.431620e+00 
4.436500e+00 
4.440920e+00 
4.445350e+00 
4.450420e+00 
4.454540e+00 
4.459890e+00 
4.463880e+00 
4.469340e+00 
4.473230e+00 
4.478400e+00 
4.482580e+00 
4.487630e+00 
4.491860e+00 
4.496780e+00 
4.501050e+00 
4.506040e+00 
4.510430e+00 
4.515050e+00 
4.519780e+00 
4.524460e+00 
4.529270e+00 
4.533620e+00 
4.538460e+00 
4.542990e+00 
4.547790e+00 
4.552310e+00 
4.557210e+00 
4.561790e+00 
4.566510e+00 
4.571130e+00 
4.575590e+00 
4.580510e+00 
4.584870e+00 
4.589620e+00 
4.594190e+00 
4.598670e+00 
4.603620e+00 
4.607860e+00 
4.612850e+00 
4.617230e+00 
4.619420e+00 
4.620490e+00 
4.621190e+00 
4.621730e+00 
4.622140e+00 
4.622450e+00 
4.622900e+00 
4.623230e+00 
4.623520e+00 
4.623850e+00 
4.624050e+00 
4.624300e+00 
4.624520e+00 
4.624800e+00 
4.624990e+00 
4.625230e+00 
4.625460e+00 
4.625610e+00 
4.625850e+00 
4.625990e+00 
4.626130e+00 
4.626210e+00 
4.626420e+00 
4.626560e+00 
4.626710e+00 
4.626900e+00 
4.627040e+00 
4.627130e+00 
4.627280e+00 
4.627430e+00 
4.627580e+00 
4.627600e+00 
4.627690e+00 
4.627820e+00 
4.627900e+00 
4.628010e+00 
4.628050e+00 
4.628190e+00 
4.628360e+00 
4.628430e+00 
4.628580e+00 
4.628640e+00 
4.628750e+00 
4.628660e+00 
4.628790e+00 
4.628830e+00 
4.628870e+00 
4.628930e+00 
4.629040e+00 
4.629080e+00 
4.629230e+00 
4.629360e+00 
4.629400e+00 
