3.014200e-01 
3.002700e-01 
3.006800e-01 
2.998900e-01 
3.006300e-01 
3.001000e-01 
3.006400e-01 
2.999300e-01 
3.007900e-01 
3.026200e-01 
3.071700e-01 
3.087500e-01 
3.132800e-01 
3.156700e-01 
3.194400e-01 
3.221500e-01 
3.256900e-01 
3.290400e-01 
3.311200e-01 
3.359600e-01 
3.375600e-01 
3.422800e-01 
3.442200e-01 
3.482100e-01 
3.511600e-01 
3.542700e-01 
3.575800e-01 
3.607500e-01 
3.641100e-01 
3.672000e-01 
3.701100e-01 
3.738200e-01 
3.761400e-01 
3.806800e-01 
3.825800e-01 
3.867800e-01 
3.893100e-01 
3.927600e-01 
3.961500e-01 
3.987200e-01 
4.028300e-01 
4.048000e-01 
4.094300e-01 
4.114300e-01 
4.153800e-01 
4.181400e-01 
4.215700e-01 
4.249800e-01 
4.275500e-01 
4.316200e-01 
4.335200e-01 
4.383700e-01 
4.397900e-01 
4.445500e-01 
4.463700e-01 
4.507100e-01 
4.530100e-01 
4.567000e-01 
4.599100e-01 
4.630300e-01 
4.665600e-01 
4.689900e-01 
4.727200e-01 
4.755700e-01 
4.789800e-01 
4.820300e-01 
4.855700e-01 
4.881600e-01 
4.922600e-01 
4.939200e-01 
4.988400e-01 
5.008300e-01 
5.046900e-01 
5.074700e-01 
5.108100e-01 
5.140200e-01 
5.167900e-01 
5.209900e-01 
5.233100e-01 
5.272000e-01 
5.295300e-01 
5.335500e-01 
5.360300e-01 
5.397300e-01 
5.425200e-01 
5.459000e-01 
5.494500e-01 
5.522500e-01 
5.554500e-01 
5.581700e-01 
5.625100e-01 
5.642900e-01 
5.690100e-01 
5.706300e-01 
5.751900e-01 
5.772800e-01 
5.813100e-01 
5.841300e-01 
5.872200e-01 
5.909300e-01 
5.935300e-01 
5.971600e-01 
5.999400e-01 
6.035000e-01 
6.064300e-01 
6.095600e-01 
6.117200e-01 
6.178800e-01 
6.175900e-01 
6.239600e-01 
6.242500e-01 
6.297100e-01 
6.314300e-01 
6.352300e-01 
6.385700e-01 
6.410000e-01 
6.449300e-01 
6.475100e-01 
6.518100e-01 
6.534000e-01 
6.583000e-01 
6.599400e-01 
6.643900e-01 
6.663300e-01 
6.706000e-01 
6.728300e-01 
6.775200e-01 
6.798500e-01 
6.822500e-01 
6.869200e-01 
6.882800e-01 
6.935700e-01 
6.943700e-01 
6.998100e-01 
7.011000e-01 
7.057300e-01 
7.081800e-01 
7.116900e-01 
7.148200e-01 
7.176200e-01 
7.215300e-01 
7.238800e-01 
7.280400e-01 
7.301300e-01 
7.343300e-01 
7.368700e-01 
7.402800e-01 
7.436200e-01 
7.466000e-01 
7.498800e-01 
7.528900e-01 
7.564700e-01 
7.589200e-01 
7.631500e-01 
7.653800e-01 
7.695500e-01 
7.718300e-01 
7.756900e-01 
7.785300e-01 
7.816900e-01 
7.853000e-01 
7.876800e-01 
7.917700e-01 
7.942700e-01 
7.980100e-01 
8.007900e-01 
8.042200e-01 
8.072800e-01 
8.107300e-01 
8.135700e-01 
8.169400e-01 
8.202700e-01 
8.232100e-01 
8.268400e-01 
8.294000e-01 
8.336200e-01 
8.355300e-01 
8.396900e-01 
8.423800e-01 
8.455100e-01 
8.491300e-01 
8.517200e-01 
8.557100e-01 
8.577600e-01 
8.624000e-01 
8.641600e-01 
8.685300e-01 
8.708400e-01 
8.748000e-01 
8.775400e-01 
8.807600e-01 
8.839800e-01 
8.871200e-01 
8.906900e-01 
8.932000e-01 
8.971000e-01 
8.996600e-01 
9.036100e-01 
9.059400e-01 
9.098900e-01 
9.123000e-01 
9.165400e-01 
9.187700e-01 
9.225400e-01 
9.254400e-01 
9.287100e-01 
9.320500e-01 
9.348900e-01 
9.385800e-01 
9.411400e-01 
9.449600e-01 
9.476500e-01 
9.509700e-01 
9.546600e-01 
9.576700e-01 
9.604900e-01 
9.636300e-01 
9.671300e-01 
9.697300e-01 
9.739100e-01 
9.757400e-01 
9.805800e-01 
9.820900e-01 
9.870000e-01 
9.884800e-01 
9.933300e-01 
9.951000e-01 
9.995700e-01 
1.630000e-03 
5.350000e-03 
8.710000e-03 
1.114000e-02 
1.560000e-02 
1.718000e-02 
2.206000e-02 
2.355000e-02 
2.881000e-02 
2.921000e-02 
3.504000e-02 
3.703000e-02 
4.037000e-02 
4.436000e-02 
4.587000e-02 
5.073000e-02 
5.237000e-02 
5.752000e-02 
5.875000e-02 
6.349000e-02 
6.553000e-02 
6.913000e-02 
7.263000e-02 
7.519000e-02 
7.938000e-02 
8.126000e-02 
8.604000e-02 
8.752000e-02 
9.242000e-02 
9.434000e-02 
9.817000e-02 
1.011400e-01 
1.042800e-01 
1.080200e-01 
1.102300e-01 
1.145900e-01 
1.164800e-01 
1.210700e-01 
1.229500e-01 
1.271900e-01 
1.296600e-01 
1.332000e-01 
1.363100e-01 
1.393200e-01 
1.429700e-01 
1.456800e-01 
1.497600e-01 
1.518000e-01 
1.559700e-01 
1.585300e-01 
1.621200e-01 
1.652000e-01 
1.683700e-01 
1.718900e-01 
1.742500e-01 
1.786600e-01 
1.806400e-01 
1.849200e-01 
1.874200e-01 
1.911600e-01 
1.939500e-01 
1.973800e-01 
2.004600e-01 
2.037400e-01 
2.073900e-01 
2.099300e-01 
2.135900e-01 
2.164000e-01 
2.209000e-01 
2.221000e-01 
2.275400e-01 
2.299000e-01 
2.345000e-01 
2.361100e-01 
2.419700e-01 
2.421700e-01 
2.470000e-01 
2.496000e-01 
2.524100e-01 
2.568400e-01 
2.580500e-01 
2.638000e-01 
2.640200e-01 
2.702300e-01 
2.706500e-01 
2.760400e-01 
2.777500e-01 
2.816700e-01 
2.848700e-01 
2.877000e-01 
2.915500e-01 
2.937800e-01 
2.981200e-01 
3.001900e-01 
3.045700e-01 
3.067100e-01 
3.107200e-01 
3.133100e-01 
3.170400e-01 
3.199400e-01 
3.232500e-01 
3.265300e-01 
3.292500e-01 
3.332200e-01 
3.356300e-01 
