4.577660e-05 7.438710e-05 
9.346050e-05 1.201630e-04 
1.449590e-04 1.697550e-04 
1.945500e-04 2.212530e-04 
2.460500e-04 2.765670e-04 
2.994560e-04 3.299730e-04 
3.528610e-04 3.833790e-04 
4.081740e-04 4.386920e-04 
4.615800e-04 4.940070e-04 
5.149880e-04 5.512270e-04 
5.683940e-04 6.065410e-04 
6.275210e-04 6.637610e-04 
6.847420e-04 7.209820e-04 
7.400550e-04 7.782020e-04 
7.972750e-04 8.335150e-04 
8.564030e-04 8.926430e-04 
9.098090e-04 9.479560e-04 
9.651220e-04 1.003270e-03 
1.022350e-03 1.062400e-03 
1.081470e-03 1.119620e-03 
1.138690e-03 1.174930e-03 
1.195920e-03 1.234060e-03 
1.253140e-03 1.289380e-03 
1.310360e-03 1.346600e-03 
1.365670e-03 1.400000e-03 
1.424800e-03 1.455310e-03 
1.480110e-03 1.512530e-03 
1.537330e-03 1.567850e-03 
1.596460e-03 1.623160e-03 
1.651770e-03 1.678470e-03 
1.710900e-03 1.733790e-03 
1.768120e-03 1.792920e-03 
1.823430e-03 1.848230e-03 
1.880650e-03 1.901630e-03 
1.937870e-03 1.958860e-03 
1.993190e-03 2.016080e-03 
2.035160e-03 2.031340e-03 
2.038970e-03 2.031340e-03 
2.038970e-03 2.033250e-03 
2.038970e-03 2.033250e-03 
2.040880e-03 2.031340e-03 
2.038970e-03 2.033250e-03 
2.040880e-03 2.031340e-03 
2.040880e-03 2.031340e-03 
2.038970e-03 2.033250e-03 
2.040880e-03 2.031340e-03 
2.038970e-03 2.031340e-03 
2.040880e-03 2.031340e-03 
2.040880e-03 2.029430e-03 
2.040880e-03 2.031340e-03 
2.042790e-03 2.029430e-03 
2.040880e-03 2.029430e-03 
2.042790e-03 2.029430e-03 
2.042790e-03 2.029430e-03 
2.040880e-03 2.029430e-03 
2.042790e-03 2.029430e-03 
2.042790e-03 2.029430e-03 
2.042790e-03 2.027530e-03 
2.042790e-03 2.029430e-03 
2.042790e-03 2.029430e-03 
2.042790e-03 2.027530e-03 
2.044690e-03 2.029430e-03 
2.044690e-03 2.025620e-03 
2.042790e-03 2.025620e-03 
2.044690e-03 2.029430e-03 
2.042790e-03 2.029430e-03 
2.044690e-03 2.027530e-03 
2.042790e-03 2.029430e-03 
2.044690e-03 2.025620e-03 
2.044690e-03 2.027530e-03 
2.044690e-03 2.027530e-03 
2.046600e-03 2.027530e-03 
2.046600e-03 2.025620e-03 
2.044690e-03 2.023710e-03 
2.046600e-03 2.023710e-03 
2.046600e-03 2.025620e-03 
2.046600e-03 2.025620e-03 
2.046600e-03 2.021800e-03 
2.046600e-03 2.021800e-03 
2.046600e-03 2.023710e-03 
2.046600e-03 2.025620e-03 
2.046600e-03 2.023710e-03 
2.046600e-03 2.023710e-03 
2.046600e-03 2.023710e-03 
2.046600e-03 2.023710e-03 
2.048510e-03 2.021800e-03 
2.046600e-03 2.023710e-03 
2.046600e-03 2.019900e-03 
2.046600e-03 2.019900e-03 
2.048510e-03 2.021800e-03 
2.048510e-03 2.021800e-03 
2.046600e-03 2.023710e-03 
2.046600e-03 2.019900e-03 
2.046600e-03 2.021800e-03 
2.048510e-03 2.019900e-03 
2.050410e-03 2.019900e-03 
2.048510e-03 2.019900e-03 
2.048510e-03 2.019900e-03 
2.048510e-03 2.021800e-03 
2.046600e-03 2.023710e-03 
2.046600e-03 2.021800e-03 
2.048510e-03 2.019900e-03 
2.048510e-03 2.019900e-03 
2.048510e-03 2.019900e-03 
2.050410e-03 2.017990e-03 
2.054230e-03 2.017990e-03 
2.059950e-03 2.033250e-03 
2.100010e-03 2.082840e-03 
2.157230e-03 2.134340e-03 
2.210630e-03 2.191560e-03 
2.267850e-03 2.244960e-03 
2.323170e-03 2.300280e-03 
2.376570e-03 2.355590e-03 
2.429980e-03 2.410900e-03 
2.483380e-03 2.468120e-03 
2.538700e-03 2.521530e-03 
2.588290e-03 2.580660e-03 
2.643600e-03 2.635970e-03 
2.693190e-03 2.693190e-03 
2.746600e-03 2.748500e-03 
2.798100e-03 2.803820e-03 
2.847690e-03 2.864850e-03 
2.901090e-03 2.918260e-03 
2.952590e-03 2.975480e-03 
3.002180e-03 3.028880e-03 
3.055590e-03 3.086100e-03 
3.108990e-03 3.141420e-03 
3.162400e-03 3.194820e-03 
3.215800e-03 3.250140e-03 
3.269210e-03 3.305450e-03 
3.318800e-03 3.355040e-03 
3.372210e-03 3.408450e-03 
3.423710e-03 3.458040e-03 
3.479020e-03 3.509540e-03 
3.532420e-03 3.564850e-03 
3.587740e-03 3.616350e-03 
3.641140e-03 3.665940e-03 
3.696460e-03 3.721250e-03 
3.751770e-03 3.772750e-03 
3.803270e-03 3.826160e-03 
3.856670e-03 3.875750e-03 
3.908190e-03 3.929170e-03 
3.955870e-03 3.976850e-03 
4.001650e-03 4.028350e-03 
4.053150e-03 4.077940e-03 
4.100830e-03 4.127530e-03 
4.154240e-03 4.180940e-03 
4.207640e-03 4.238160e-03 
4.261050e-03 4.289660e-03 
4.318270e-03 4.346880e-03 
4.375490e-03 4.402190e-03 
4.428890e-03 4.459410e-03 
4.482300e-03 4.509000e-03 
4.535700e-03 4.562410e-03 
4.587200e-03 4.608180e-03 
4.634890e-03 4.657780e-03 
4.680660e-03 4.701640e-03 
4.724530e-03 4.749330e-03 
4.772220e-03 4.795100e-03 
4.814180e-03 4.838970e-03 
4.863770e-03 4.884750e-03 
4.907640e-03 4.934340e-03 
4.957230e-03 4.985840e-03 
5.010630e-03 5.035430e-03 
5.060230e-03 5.086930e-03 
5.117450e-03 5.144150e-03 
5.170850e-03 5.197550e-03 
5.228070e-03 5.254780e-03 
5.283390e-03 5.313900e-03 
5.342510e-03 5.373030e-03 
5.401640e-03 5.430250e-03 
5.460770e-03 5.489380e-03 
5.514170e-03 5.544690e-03 
5.571400e-03 5.594280e-03 
5.619080e-03 5.647690e-03 
5.666760e-03 5.693470e-03 
5.716350e-03 5.737330e-03 
5.752590e-03 5.777390e-03 
5.792650e-03 5.809810e-03 
5.834610e-03 5.851780e-03 
5.868940e-03 5.889920e-03 
5.903270e-03 5.924250e-03 
5.949050e-03 5.966220e-03 
5.985290e-03 6.006270e-03 
6.029160e-03 6.046320e-03 
6.073030e-03 6.094010e-03 
6.114990e-03 6.137880e-03 
6.158860e-03 6.187470e-03 
6.212260e-03 6.231340e-03 
6.261860e-03 6.284740e-03 
6.311450e-03 6.334330e-03 
6.359130e-03 6.389650e-03 
6.410630e-03 6.441150e-03 
6.462130e-03 6.490740e-03 
6.519350e-03 6.549870e-03 
6.578480e-03 6.601360e-03 
6.637600e-03 6.660490e-03 
6.692920e-03 6.723430e-03 
6.750140e-03 6.778750e-03 
6.813080e-03 6.839780e-03 
6.872210e-03 6.906540e-03 
6.937060e-03 6.967570e-03 
7.001910e-03 7.036240e-03 
7.066760e-03 7.095370e-03 
7.125880e-03 7.156400e-03 
7.188830e-03 7.221250e-03 
7.247950e-03 7.274660e-03 
7.301360e-03 7.329970e-03 
7.356670e-03 7.383380e-03 
7.406260e-03 7.425340e-03 
7.452040e-03 7.471110e-03 
7.486370e-03 7.499720e-03 
7.514980e-03 7.535960e-03 
7.543590e-03 7.555040e-03 
7.566480e-03 7.581740e-03 
7.593180e-03 7.604630e-03 
7.614170e-03 7.621790e-03 
7.631330e-03 7.644680e-03 
7.650410e-03 7.661850e-03 
7.673290e-03 7.684740e-03 
7.700000e-03 7.715260e-03 
7.724790e-03 7.736240e-03 
7.755310e-03 7.770570e-03 
7.789640e-03 7.802990e-03 
7.816370e-03 7.833540e-03 
7.856430e-03 7.869780e-03 
7.892670e-03 7.913650e-03 
7.934630e-03 7.953700e-03 
7.974680e-03 7.989940e-03 
8.010920e-03 8.035720e-03 
8.056700e-03 8.077680e-03 
8.094850e-03 8.119640e-03 
8.136810e-03 8.159700e-03 
8.186400e-03 8.209290e-03 
8.230270e-03 8.253160e-03 
8.277950e-03 8.298930e-03 
8.319910e-03 8.344710e-03 
8.369510e-03 8.394300e-03 
8.417190e-03 8.440080e-03 
8.461060e-03 8.487760e-03 
8.514460e-03 8.533540e-03 
8.562150e-03 8.581220e-03 
8.607920e-03 8.634630e-03 
8.661330e-03 8.678500e-03 
8.709010e-03 8.735720e-03 
8.754790e-03 8.787210e-03 
8.812010e-03 8.840620e-03 
8.865420e-03 8.886400e-03 
8.915010e-03 8.945520e-03 
8.974130e-03 9.000840e-03 
9.027540e-03 9.056150e-03 
9.084760e-03 9.115280e-03 
9.140070e-03 9.168680e-03 
9.203020e-03 9.237350e-03 
9.264050e-03 9.294570e-03 
9.321270e-03 9.361330e-03 
9.391840e-03 9.426180e-03 
9.460510e-03 9.487210e-03 
9.521540e-03 9.553970e-03 
9.588300e-03 9.630260e-03 
9.658870e-03 9.697020e-03 
9.737070e-03 9.765680e-03 
9.803830e-03 9.841980e-03 
9.885850e-03 9.922090e-03 
9.960230e-03 9.998380e-03 
1.003460e-02 1.007660e-02 
1.011470e-02 1.015100e-02 
1.019870e-02 1.023110e-02 
1.027300e-02 1.031120e-02 
1.034930e-02 1.039510e-02 
1.043520e-02 1.046760e-02 
1.050960e-02 1.054010e-02 
1.057630e-02 1.061640e-02 
1.064310e-02 1.067550e-02 
1.071170e-02 1.074610e-02 
1.077090e-02 1.079950e-02 
1.082040e-02 1.084330e-02 
1.087190e-02 1.088720e-02 
1.091010e-02 1.092540e-02 
1.094250e-02 1.095010e-02 
1.097110e-02 1.098070e-02 
1.099020e-02 1.099780e-02 
1.100550e-02 1.101120e-02 
1.101310e-02 1.101690e-02 
1.102070e-02 1.102070e-02 
1.101500e-02 1.101880e-02 
1.101120e-02 1.100740e-02 
1.101120e-02 1.099780e-02 
1.099400e-02 1.099020e-02 
1.098070e-02 1.097490e-02 
1.097490e-02 1.096350e-02 
1.095590e-02 1.095400e-02 
1.094630e-02 1.093680e-02 
1.093110e-02 1.093110e-02 
1.092540e-02 1.091960e-02 
1.091960e-02 1.091960e-02 
1.091010e-02 1.091960e-02 
1.091390e-02 1.092150e-02 
1.091770e-02 1.092730e-02 
1.093110e-02 1.093680e-02 
1.094440e-02 1.095400e-02 
1.095400e-02 1.097110e-02 
1.097110e-02 1.098640e-02 
1.099970e-02 1.100740e-02 
1.101880e-02 1.103220e-02 
1.104360e-02 1.105510e-02 
1.107790e-02 1.108560e-02 
1.110460e-02 1.111230e-02 
1.113130e-02 1.115040e-02 
1.116950e-02 1.118280e-02 
1.119620e-02 1.121720e-02 
1.123240e-02 1.124580e-02 
1.126870e-02 1.128580e-02 
1.130110e-02 1.131640e-02 
1.133540e-02 1.135450e-02 
1.136980e-02 1.138880e-02 
1.141360e-02 1.142890e-02 
1.144610e-02 1.147280e-02 
1.149180e-02 1.151280e-02 
1.152620e-02 1.154520e-02 
1.157000e-02 1.159290e-02 
1.160630e-02 1.162730e-02 
1.165010e-02 1.166730e-02 
1.169210e-02 1.170360e-02 
1.173410e-02 1.174360e-02 
1.177410e-02 1.178940e-02 
1.180850e-02 1.182370e-02 
1.185040e-02 1.186570e-02 
1.189430e-02 1.191150e-02 
1.192860e-02 1.195530e-02 
1.197440e-02 1.198770e-02 
1.201440e-02 1.203730e-02 
1.204880e-02 1.207170e-02 
1.209840e-02 1.211940e-02 
1.213270e-02 1.215560e-02 
1.217470e-02 1.218990e-02 
1.221090e-02 1.223000e-02 
1.225860e-02 1.227380e-02 
1.229290e-02 1.231200e-02 
1.233110e-02 1.235400e-02 
1.237110e-02 1.239020e-02 
1.240740e-02 1.242260e-02 
1.245120e-02 1.246460e-02 
1.248560e-02 1.250460e-02 
1.252560e-02 1.253710e-02 
1.256570e-02 1.258090e-02 
1.259810e-02 1.261140e-02 
1.263820e-02 1.264770e-02 
1.267440e-02 1.268580e-02 
1.271060e-02 1.272780e-02 
1.273730e-02 1.275450e-02 
1.277930e-02 1.279070e-02 
1.281550e-02 1.283270e-02 
1.284410e-02 1.285940e-02 
1.287660e-02 1.289950e-02 
1.291090e-02 1.293380e-02 
1.294330e-02 1.296620e-02 
1.298340e-02 1.300050e-02 
1.301010e-02 1.303490e-02 
1.305200e-02 1.307110e-02 
1.307870e-02 1.309400e-02 
1.311120e-02 1.313410e-02 
1.315310e-02 1.316080e-02 
1.317600e-02 1.319510e-02 
1.321990e-02 1.322750e-02 
1.324280e-02 1.326380e-02 
1.328090e-02 1.329810e-02 
1.331720e-02 1.333430e-02 
1.334580e-02 1.337060e-02 
1.338390e-02 1.340110e-02 
1.341440e-02 1.342780e-02 
1.345450e-02 1.347170e-02 
1.348500e-02 1.350600e-02 
1.351740e-02 1.353270e-02 
1.355560e-02 1.357080e-02 
1.358610e-02 1.359950e-02 
1.362430e-02 1.363570e-02 
1.366240e-02 1.367000e-02 
1.369290e-02 1.371580e-02 
1.373110e-02 1.374630e-02 
1.376920e-02 1.378640e-02 
1.379400e-02 1.381880e-02 
1.383020e-02 1.384930e-02 
1.387600e-02 1.388370e-02 
1.390270e-02 1.391990e-02 
1.394850e-02 1.396760e-02 
1.398660e-02 1.399430e-02 
1.402100e-02 1.403810e-02 
1.405910e-02 1.407060e-02 
1.408960e-02 1.411630e-02 
1.413350e-02 1.414880e-02 
1.416780e-02 1.418690e-02 
1.421170e-02 1.422510e-02 
1.424600e-02 1.426890e-02 
1.428610e-02 1.430900e-02 
1.432620e-02 1.434140e-02 
1.436050e-02 1.438720e-02 
1.439480e-02 1.442150e-02 
1.443490e-02 1.446350e-02 
1.448450e-02 1.450740e-02 
1.452450e-02 1.454930e-02 
1.456080e-02 1.458940e-02 
1.460650e-02 1.462750e-02 
1.464470e-02 1.466180e-02 
1.469430e-02 1.470950e-02 
1.473240e-02 1.474200e-02 
1.477440e-02 1.479350e-02 
1.480870e-02 1.482970e-02 
1.485260e-02 1.488120e-02 
1.490220e-02 1.491740e-02 
1.493650e-02 1.497080e-02 
1.499180e-02 1.500520e-02 
1.502620e-02 1.506050e-02 
1.507190e-02 1.509480e-02 
1.512530e-02 1.514820e-02 
1.517110e-02 1.519590e-02 
1.521880e-02 1.524170e-02 
1.525880e-02 1.529130e-02 
1.531800e-02 1.534090e-02 
1.536180e-02 1.539050e-02 
1.540570e-02 1.543810e-02 
1.545530e-02 1.548010e-02 
1.551820e-02 1.553160e-02 
1.555830e-02 1.559260e-02 
1.562120e-02 1.563850e-02 
1.566330e-02 1.569380e-02 
1.572240e-02 1.574530e-02 
1.577390e-02 1.580630e-02 
1.583110e-02 1.587120e-02 
1.588640e-02 1.591890e-02 
1.595700e-02 1.598180e-02 
1.600470e-02 1.603710e-02 
1.607910e-02 1.610390e-02 
1.614390e-02 1.616490e-02 
1.620880e-02 1.623740e-02 
1.627360e-02 1.630410e-02 
1.634800e-02 1.637280e-02 
1.641090e-02 1.644150e-02 
1.649300e-02 1.651780e-02 
1.656540e-02 1.660170e-02 
1.664360e-02 1.667990e-02 
1.670850e-02 1.674850e-02 
1.680200e-02 1.683630e-02 
1.687630e-02 1.692590e-02 
1.697360e-02 1.701750e-02 
1.705180e-02 1.710520e-02 
1.714720e-02 1.719680e-02 
1.724260e-02 1.728260e-02 
1.733220e-02 1.738370e-02 
1.744090e-02 1.749050e-02 
1.753440e-02 1.758780e-02 
1.763550e-02 1.770220e-02 
1.774610e-02 1.781090e-02 
1.786430e-02 1.791390e-02 
1.797690e-02 1.803600e-02 
1.809320e-02 1.813900e-02 
1.821150e-02 1.825730e-02 
1.832400e-02 1.836790e-02 
1.843850e-02 1.848040e-02 
1.855100e-02 1.860250e-02 
1.865970e-02 1.871880e-02 
1.877030e-02 1.882180e-02 
1.886760e-02 1.892290e-02 
1.897630e-02 1.902970e-02 
1.906790e-02 1.912890e-02 
1.916710e-02 1.921860e-02 
1.925100e-02 1.930440e-02 
1.933870e-02 1.939020e-02 
1.942840e-02 1.946460e-02 
1.949700e-02 1.952180e-02 
1.956190e-02 1.959620e-02 
1.962290e-02 1.964770e-02 
1.967250e-02 1.970300e-02 
1.972020e-02 1.975070e-02 
1.975640e-02 1.977740e-02 
1.979270e-02 1.982130e-02 
1.983270e-02 1.984800e-02 
1.986520e-02 1.987660e-02 
1.987660e-02 1.989950e-02 
1.989570e-02 1.991090e-02 
1.991280e-02 1.993570e-02 
1.992430e-02 1.994720e-02 
1.993760e-02 1.995860e-02 
1.996240e-02 1.996430e-02 
1.995290e-02 1.996430e-02 
1.996050e-02 1.997770e-02 
1.997200e-02 1.997010e-02 
1.998150e-02 1.995100e-02 
1.995860e-02 1.998150e-02 
1.997390e-02 1.997580e-02 
1.998150e-02 1.998910e-02 
1.997580e-02 1.999100e-02 
1.997580e-02 1.997770e-02 
1.998910e-02 1.998720e-02 
1.997580e-02 1.999290e-02 
1.998910e-02 1.998910e-02 
1.997960e-02 1.998910e-02 
1.997960e-02 1.998720e-02 
1.999100e-02 1.998340e-02 
1.999100e-02 1.998150e-02 
1.999490e-02 1.999490e-02 
1.998340e-02 1.999290e-02 
1.998720e-02 1.998150e-02 
1.999100e-02 1.998340e-02 
1.998910e-02 1.998150e-02 
1.997580e-02 1.998340e-02 
1.997960e-02 1.997200e-02 
1.998340e-02 1.997580e-02 
1.996430e-02 1.997390e-02 
1.995860e-02 1.996820e-02 
1.994720e-02 1.994530e-02 
1.995100e-02 1.993760e-02 
1.992620e-02 1.993380e-02 
1.991280e-02 1.990520e-02 
1.990900e-02 1.988420e-02 
1.988230e-02 1.985940e-02 
1.986320e-02 1.984610e-02 
1.982510e-02 1.981750e-02 
1.980030e-02 1.976980e-02 
1.976600e-02 1.974310e-02 
1.972020e-02 1.969160e-02 
1.968010e-02 1.964770e-02 
1.962480e-02 1.960000e-02 
1.956950e-02 1.955430e-02 
1.953140e-02 1.949130e-02 
1.947410e-02 1.943410e-02 
1.941310e-02 1.939400e-02 
1.935020e-02 1.931970e-02 
1.930820e-02 1.926430e-02 
1.924720e-02 1.921670e-02 
1.919000e-02 1.916710e-02 
1.914040e-02 1.911370e-02 
1.908890e-02 1.906410e-02 
1.903360e-02 1.899920e-02 
1.899160e-02 1.896870e-02 
1.893440e-02 1.892670e-02 
1.890770e-02 1.888480e-02 
1.886760e-02 1.884280e-02 
1.883330e-02 1.881040e-02 
1.880280e-02 1.879700e-02 
1.878560e-02 1.876270e-02 
1.875320e-02 1.875510e-02 
1.874740e-02 1.873030e-02 
1.872460e-02 1.871880e-02 
1.871690e-02 1.872070e-02 
1.871120e-02 1.872460e-02 
1.871880e-02 1.871880e-02 
1.872070e-02 1.872270e-02 
1.873410e-02 1.873600e-02 
1.873790e-02 1.874940e-02 
1.875510e-02 1.875510e-02 
1.876080e-02 1.876270e-02 
1.877990e-02 1.879320e-02 
1.880280e-02 1.881420e-02 
1.881420e-02 1.882570e-02 
1.884470e-02 1.884850e-02 
1.887140e-02 1.887710e-02 
1.890000e-02 1.890580e-02 
1.892100e-02 1.893440e-02 
1.894770e-02 1.897250e-02 
1.898590e-02 1.899160e-02 
1.900880e-02 1.902400e-02 
1.905070e-02 1.906600e-02 
1.906600e-02 1.907360e-02 
1.908120e-02 1.908310e-02 
1.908310e-02 1.909840e-02 
1.908500e-02 1.909650e-02 
1.909270e-02 1.909460e-02 
1.910410e-02 1.909270e-02 
1.909270e-02 1.909840e-02 
1.910600e-02 1.910410e-02 
1.909460e-02 1.909650e-02 
1.909650e-02 1.911180e-02 
1.911180e-02 1.910030e-02 
1.910790e-02 1.910790e-02 
1.910790e-02 1.910030e-02 
1.910220e-02 1.911180e-02 
1.911370e-02 1.910600e-02 
1.910220e-02 1.910600e-02 
1.910790e-02 1.911750e-02 
1.911750e-02 1.910600e-02 
1.910600e-02 1.911560e-02 
1.911940e-02 1.911940e-02 
1.911750e-02 1.911940e-02 
1.912130e-02 1.911750e-02 
1.911560e-02 1.912130e-02 
1.911560e-02 1.911940e-02 
1.910980e-02 1.910980e-02 
1.912130e-02 1.910790e-02 
1.912130e-02 0 
0 0 
1.907360e-06 1.907360e-06 
1.907360e-06 3.814730e-06 
3.814730e-06 3.814730e-06 
5.722080e-06 5.722080e-06 
5.722080e-06 7.629450e-06 
7.629450e-06 7.629450e-06 
9.536800e-06 1.144420e-05 
1.144420e-05 1.144420e-05 
1.144420e-05 1.144420e-05 
1.144420e-05 1.144420e-05 
1.335150e-05 1.335150e-05 
1.525890e-05 1.525890e-05 
1.525890e-05 1.716630e-05 
1.716630e-05 1.907360e-05 
1.907360e-05 1.907360e-05 
2.098100e-05 2.098100e-05 
2.288830e-05 2.288830e-05 
2.288830e-05 2.288830e-05 
2.288830e-05 2.479560e-05 
2.479560e-05 2.479560e-05 
2.479560e-05 2.670300e-05 
2.670300e-05 2.670300e-05 
2.861030e-05 2.861030e-05 
2.861030e-05 3.051780e-05 
3.051780e-05 3.051780e-05 
3.051780e-05 3.242520e-05 
3.242520e-05 3.242520e-05 
3.433250e-05 3.623990e-05 
3.623990e-05 3.623990e-05 
3.623990e-05 3.814720e-05 
3.814720e-05 3.814720e-05 
3.814720e-05 3.814720e-05 
3.814720e-05 4.005460e-05 
3.814720e-05 4.005460e-05 
4.005460e-05 4.196190e-05 
4.196190e-05 4.196190e-05 
4.005460e-05 4.196190e-05 
4.196190e-05 4.005460e-05 
4.005460e-05 4.196190e-05 
4.005460e-05 4.196190e-05 
4.196190e-05 4.196190e-05 
4.005460e-05 4.196190e-05 
4.196190e-05 4.005460e-05 
4.196190e-05 4.196190e-05 
4.196190e-05 4.196190e-05 
4.005460e-05 4.386930e-05 
4.196190e-05 4.196190e-05 
4.005460e-05 4.005460e-05 
4.196190e-05 4.005460e-05 
4.005460e-05 4.196190e-05 
4.005460e-05 4.196190e-05 
4.005460e-05 4.196190e-05 
4.005460e-05 4.005460e-05 
4.005460e-05 4.196190e-05 
4.005460e-05 4.196190e-05 
4.196190e-05 4.005460e-05 
4.005460e-05 4.196190e-05 
4.196190e-05 4.196190e-05 
4.196190e-05 4.005460e-05 
4.005460e-05 4.196190e-05 
4.196190e-05 4.196190e-05 
4.005460e-05 4.005460e-05 
4.196190e-05 4.196190e-05 
4.196190e-05 4.005460e-05 
4.005460e-05 4.196190e-05 
4.005460e-05 4.005460e-05 
4.196190e-05 4.196190e-05 
4.005460e-05 4.196190e-05 
4.196190e-05 4.196190e-05 
4.196190e-05 4.196190e-05 
4.005460e-05 4.005460e-05 
4.196190e-05 4.005460e-05 
4.005460e-05 4.196190e-05 
4.005460e-05 4.005460e-05 
4.196190e-05 4.005460e-05 
4.005460e-05 4.005460e-05 
4.005460e-05 4.196190e-05 
4.005460e-05 4.196190e-05 
4.005460e-05 4.196190e-05 
4.196190e-05 4.196190e-05 
4.005460e-05 4.196190e-05 
4.196190e-05 4.196190e-05 
4.196190e-05 4.196190e-05 
4.196190e-05 4.005460e-05 
4.005460e-05 4.196190e-05 
4.005460e-05 4.196190e-05 
4.196190e-05 4.005460e-05 
4.005460e-05 4.196190e-05 
4.005460e-05 4.196190e-05 
4.005460e-05 4.196190e-05 
4.196190e-05 4.196190e-05 
4.005460e-05 4.196190e-05 
4.196190e-05 4.196190e-05 
4.005460e-05 4.386930e-05 
4.005460e-05 4.196190e-05 
4.196190e-05 4.196190e-05 
4.196190e-05 4.005460e-05 
4.005460e-05 4.196190e-05 
4.196190e-05 4.196190e-05 
4.196190e-05 4.196190e-05 
4.386930e-05 4.386930e-05 
4.005460e-05 4.196190e-05 
4.196190e-05 4.196190e-05 
4.005460e-05 4.386930e-05 
4.196190e-05 4.196190e-05 
4.196190e-05 4.386930e-05 
4.196190e-05 4.386930e-05 
4.196190e-05 4.386930e-05 
4.386930e-05 4.386930e-05 
4.386930e-05 4.577660e-05 
4.768390e-05 4.959130e-05 
4.959130e-05 4.959130e-05 
4.768390e-05 4.959130e-05 
4.959130e-05 5.149860e-05 
5.149860e-05 5.149860e-05 
5.149860e-05 5.149860e-05 
5.149860e-05 5.340600e-05 
5.340600e-05 5.531330e-05 
5.531330e-05 5.722070e-05 
5.531330e-05 5.722070e-05 
5.722070e-05 5.722070e-05 
5.722070e-05 5.722070e-05 
5.912800e-05 5.722070e-05 
5.912800e-05 6.103560e-05 
6.103560e-05 5.912800e-05 
6.103560e-05 6.103560e-05 
6.294300e-05 6.294300e-05 
6.294300e-05 6.485030e-05 
6.294300e-05 6.294300e-05 
6.485030e-05 6.675770e-05 
6.485030e-05 6.485030e-05 
6.866500e-05 6.675770e-05 
6.485030e-05 6.675770e-05 
6.675770e-05 6.866500e-05 
7.057240e-05 6.866500e-05 
6.675770e-05 7.247970e-05 
7.057240e-05 7.057240e-05 
6.866500e-05 7.247970e-05 
7.247970e-05 7.247970e-05 
7.247970e-05 7.438710e-05 
7.438710e-05 7.629440e-05 
7.247970e-05 7.438710e-05 
7.820180e-05 7.629440e-05 
7.629440e-05 7.629440e-05 
7.438710e-05 7.820180e-05 
7.820180e-05 7.820180e-05 
7.820180e-05 7.820180e-05 
7.820180e-05 8.201650e-05 
7.820180e-05 8.201650e-05 
7.820180e-05 8.010910e-05 
8.201650e-05 8.010910e-05 
8.010910e-05 8.010910e-05 
8.392380e-05 8.392380e-05 
8.201650e-05 8.392380e-05 
8.392380e-05 8.583120e-05 
8.201650e-05 8.201650e-05 
8.773850e-05 8.773850e-05 
8.773850e-05 8.583120e-05 
8.773850e-05 8.964590e-05 
8.583120e-05 8.583120e-05 
8.773850e-05 8.773850e-05 
9.155320e-05 9.155320e-05 
8.773850e-05 8.773850e-05 
8.583120e-05 9.155320e-05 
9.155320e-05 8.964590e-05 
9.155320e-05 9.155320e-05 
9.155320e-05 9.155320e-05 
9.346050e-05 9.155320e-05 
9.346050e-05 9.155320e-05 
9.346050e-05 9.536790e-05 
9.536790e-05 9.536790e-05 
9.727520e-05 9.727520e-05 
9.536790e-05 9.536790e-05 
9.918260e-05 9.536790e-05 
9.727520e-05 9.727520e-05 
9.727520e-05 9.727520e-05 
9.918260e-05 9.536790e-05 
9.536790e-05 1.029970e-04 
9.918260e-05 9.727520e-05 
1.010900e-04 9.536790e-05 
9.727520e-05 1.029970e-04 
1.010900e-04 1.010900e-04 
1.010900e-04 1.029970e-04 
1.029970e-04 1.010900e-04 
1.010900e-04 1.029970e-04 
1.010900e-04 9.727520e-05 
1.029970e-04 1.029970e-04 
9.727520e-05 1.049050e-04 
1.029970e-04 1.029970e-04 
1.049050e-04 1.010900e-04 
1.049050e-04 9.918260e-05 
1.029970e-04 1.029970e-04 
9.918260e-05 1.029970e-04 
1.010900e-04 1.010900e-04 
9.918260e-05 1.049050e-04 
1.010900e-04 1.049050e-04 
1.049050e-04 9.918260e-05 
1.010900e-04 1.068120e-04 
1.049050e-04 1.049050e-04 
1.068120e-04 1.049050e-04 
1.068120e-04 1.087190e-04 
1.087190e-04 1.068120e-04 
1.049050e-04 1.049050e-04 
1.049050e-04 1.106270e-04 
1.106270e-04 1.049050e-04 
1.049050e-04 1.068120e-04 
1.106270e-04 1.125340e-04 
1.106270e-04 1.125340e-04 
1.125340e-04 1.125340e-04 
1.125340e-04 1.087190e-04 
1.068120e-04 1.106270e-04 
1.144410e-04 1.106270e-04 
1.087190e-04 1.068120e-04 
1.163490e-04 1.125340e-04 
1.125340e-04 1.144410e-04 
1.125340e-04 1.144410e-04 
1.144410e-04 1.106270e-04 
1.106270e-04 1.087190e-04 
1.068120e-04 1.087190e-04 
1.087190e-04 1.068120e-04 
1.068120e-04 1.106270e-04 
1.068120e-04 1.144410e-04 
1.087190e-04 1.029970e-04 
1.049050e-04 1.087190e-04 
1.068120e-04 1.106270e-04 
1.106270e-04 1.106270e-04 
1.106270e-04 1.125340e-04 
1.087190e-04 1.049050e-04 
1.087190e-04 1.106270e-04 
1.068120e-04 1.087190e-04 
1.068120e-04 1.049050e-04 
1.049050e-04 1.106270e-04 
1.068120e-04 1.106270e-04 
1.049050e-04 1.049050e-04 
1.125340e-04 1.049050e-04 
1.125340e-04 1.087190e-04 
1.068120e-04 1.087190e-04 
1.049050e-04 1.068120e-04 
1.087190e-04 1.068120e-04 
1.068120e-04 1.068120e-04 
1.029970e-04 1.068120e-04 
1.068120e-04 1.087190e-04 
1.029970e-04 1.087190e-04 
1.068120e-04 1.049050e-04 
1.087190e-04 1.087190e-04 
1.087190e-04 1.087190e-04 
1.049050e-04 1.049050e-04 
1.049050e-04 1.106270e-04 
1.068120e-04 1.125340e-04 
1.087190e-04 1.087190e-04 
1.087190e-04 1.049050e-04 
1.010900e-04 1.068120e-04 
1.087190e-04 1.049050e-04 
1.049050e-04 1.029970e-04 
1.087190e-04 1.049050e-04 
1.106270e-04 1.125340e-04 
1.049050e-04 1.049050e-04 
1.049050e-04 1.049050e-04 
1.125340e-04 1.049050e-04 
1.049050e-04 1.068120e-04 
1.049050e-04 1.029970e-04 
1.029970e-04 1.087190e-04 
1.049050e-04 1.087190e-04 
1.087190e-04 1.087190e-04 
1.087190e-04 1.068120e-04 
1.049050e-04 1.125340e-04 
1.049050e-04 1.144410e-04 
1.068120e-04 1.087190e-04 
1.049050e-04 1.049050e-04 
9.727520e-05 1.049050e-04 
1.106270e-04 1.049050e-04 
1.087190e-04 1.068120e-04 
1.087190e-04 1.182560e-04 
1.106270e-04 1.087190e-04 
1.144410e-04 1.144410e-04 
1.125340e-04 1.144410e-04 
1.125340e-04 1.144410e-04 
1.182560e-04 1.182560e-04 
1.125340e-04 1.182560e-04 
1.182560e-04 1.125340e-04 
1.106270e-04 1.144410e-04 
1.163490e-04 1.106270e-04 
1.182560e-04 1.163490e-04 
1.163490e-04 1.125340e-04 
1.163490e-04 1.106270e-04 
1.087190e-04 1.144410e-04 
1.106270e-04 1.106270e-04 
1.125340e-04 1.049050e-04 
1.029970e-04 1.125340e-04 
1.087190e-04 1.125340e-04 
1.049050e-04 1.049050e-04 
1.068120e-04 1.068120e-04 
1.087190e-04 1.068120e-04 
1.029970e-04 1.029970e-04 
9.918260e-05 1.010900e-04 
1.068120e-04 9.727520e-05 
1.049050e-04 9.727520e-05 
1.029970e-04 9.727520e-05 
9.727520e-05 1.010900e-04 
1.029970e-04 9.155320e-05 
1.029970e-04 9.918260e-05 
9.536790e-05 9.727520e-05 
9.536790e-05 9.536790e-05 
8.773850e-05 9.155320e-05 
8.964590e-05 9.727520e-05 
8.773850e-05 9.536790e-05 
8.964590e-05 8.773850e-05 
8.964590e-05 8.773850e-05 
9.346050e-05 9.346050e-05 
8.773850e-05 8.583120e-05 
8.392380e-05 8.964590e-05 
8.392380e-05 8.010910e-05 
8.010910e-05 8.201650e-05 
8.392380e-05 8.201650e-05 
8.010910e-05 8.773850e-05 
7.820180e-05 8.583120e-05 
7.438710e-05 8.010910e-05 
8.773850e-05 8.773850e-05 
7.820180e-05 8.392380e-05 
8.583120e-05 8.392380e-05 
8.010910e-05 7.438710e-05 
7.438710e-05 8.201650e-05 
8.010910e-05 8.010910e-05 
7.629440e-05 8.010910e-05 
7.438710e-05 8.201650e-05 
8.010910e-05 7.820180e-05 
7.820180e-05 7.247970e-05 
6.675770e-05 6.866500e-05 
7.820180e-05 7.629440e-05 
7.629440e-05 7.629440e-05 
7.438710e-05 6.675770e-05 
8.010910e-05 7.057240e-05 
6.485030e-05 6.675770e-05 
7.629440e-05 7.629440e-05 
6.675770e-05 6.675770e-05 
7.629440e-05 7.438710e-05 
6.675770e-05 6.485030e-05 
6.866500e-05 6.866500e-05 
7.057240e-05 7.057240e-05 
7.057240e-05 6.485030e-05 
6.294300e-05 6.485030e-05 
5.531330e-05 6.294300e-05 
6.294300e-05 6.485030e-05 
6.485030e-05 6.866500e-05 
6.485030e-05 5.912800e-05 
6.485030e-05 5.912800e-05 
5.722070e-05 6.485030e-05 
6.866500e-05 6.485030e-05 
6.485030e-05 5.722070e-05 
5.912800e-05 6.294300e-05 
5.722070e-05 6.294300e-05 
6.294300e-05 5.912800e-05 
5.149860e-05 5.149860e-05 
5.531330e-05 5.531330e-05 
6.675770e-05 5.149860e-05 
6.103560e-05 5.722070e-05 
6.103560e-05 5.149860e-05 
5.912800e-05 5.722070e-05 
4.959130e-05 4.959130e-05 
4.768390e-05 4.959130e-05 
4.768390e-05 5.722070e-05 
5.531330e-05 5.149860e-05 
4.386930e-05 5.340600e-05 
4.577660e-05 4.768390e-05 
4.005460e-05 4.959130e-05 
5.149860e-05 4.768390e-05 
4.959130e-05 4.005460e-05 
5.149860e-05 4.768390e-05 
4.577660e-05 3.814720e-05 
4.577660e-05 4.386930e-05 
3.623990e-05 4.196190e-05 
4.386930e-05 3.814720e-05 
3.433250e-05 4.196190e-05 
3.051780e-05 3.814720e-05 
3.814720e-05 3.433250e-05 
2.861030e-05 3.623990e-05 
2.479560e-05 3.433250e-05 
3.814720e-05 3.051780e-05 
3.051780e-05 2.479560e-05 
2.479560e-05 1.907360e-05 
2.288830e-05 2.288830e-05 
2.479560e-05 3.623990e-05 
2.479560e-05 2.861030e-05 
1.525890e-05 2.479560e-05 
2.861030e-05 2.670300e-05 
2.479560e-05 2.861030e-05 
2.479560e-05 2.479560e-05 
2.288830e-05 1.907360e-05 
2.288830e-05 1.144420e-05 
1.907360e-05 2.288830e-05 
2.288830e-05 2.098100e-05 
1.144420e-05 1.716630e-05 
2.479560e-05 2.098100e-05 
2.288830e-05 2.098100e-05 
1.144420e-05 0 
1.144420e-05 1.335150e-05 
5.722080e-06 0 
1.144420e-05 1.144420e-05 
3.814730e-06 1.525890e-05 
1.335150e-05 9.536800e-06 
1.716630e-05 1.144420e-05 
1.335150e-05 7.629450e-06 
7.629450e-06 1.144420e-05 
3.814730e-06 0 
-5.722080e-06 1.144420e-05 
7.629450e-06 5.722080e-06 
-1.144420e-05 5.722080e-06 
7.629450e-06 3.814730e-06 
1.907360e-06 -1.525890e-05 
5.722080e-06 1.907360e-06 
5.722080e-06 0 
-5.722080e-06 -1.525890e-05 
-1.335150e-05 -1.335150e-05 
0 -1.335150e-05 
-1.335150e-05 -7.629450e-06 
-7.629450e-06 -1.335150e-05 
0 0 
-2.098100e-05 -1.716630e-05 
-9.536800e-06 -2.288830e-05 
-9.536800e-06 -9.536800e-06 
-1.716630e-05 -1.144420e-05 
-2.479560e-05 -2.479560e-05 
-1.907360e-05 -1.716630e-05 
-2.479560e-05 -2.670300e-05 
-2.098100e-05 -3.242520e-05 
-2.861030e-05 -3.242520e-05 
-3.242520e-05 -2.861030e-05 
-2.861030e-05 -2.861030e-05 
-3.242520e-05 -2.098100e-05 
-2.479560e-05 -2.670300e-05 
-3.051780e-05 -2.098100e-05 
-3.051780e-05 -2.479560e-05 
-2.861030e-05 -2.098100e-05 
-4.005460e-05 -4.005460e-05 
-2.670300e-05 -3.051780e-05 
-3.051780e-05 -3.051780e-05 
-3.814720e-05 -3.051780e-05 
-4.005460e-05 -3.051780e-05 
-3.623990e-05 -3.242520e-05 
-4.005460e-05 -4.196190e-05 
-3.242520e-05 -3.433250e-05 
-3.623990e-05 -4.959130e-05 
-4.196190e-05 -4.196190e-05 
-5.722070e-05 -7.057240e-05 
-6.294300e-05 -7.057240e-05 
-7.820180e-05 -7.820180e-05 
-8.010910e-05 -8.201650e-05 
-6.675770e-05 -7.057240e-05 
-7.820180e-05 -7.820180e-05 
-7.247970e-05 -8.964590e-05 
-7.438710e-05 -9.346050e-05 
-7.820180e-05 -9.346050e-05 
-8.583120e-05 -8.010910e-05 
-8.010910e-05 -8.010910e-05 
-7.820180e-05 -7.820180e-05 
-8.392380e-05 -7.820180e-05 
-8.583120e-05 -8.010910e-05 
-8.964590e-05 -8.392380e-05 
-8.010910e-05 -8.773850e-05 
-1.010900e-04 -8.583120e-05 
-8.773850e-05 -9.727520e-05 
-8.773850e-05 -1.010900e-04 
-9.346050e-05 -1.049050e-04 
-8.583120e-05 -9.918260e-05 
-9.346050e-05 -1.010900e-04 
-1.010900e-04 -1.087190e-04 
-8.964590e-05 -9.346050e-05 
-8.773850e-05 -9.346050e-05 
-9.536790e-05 -1.029970e-04 
-9.155320e-05 -1.049050e-04 
-1.087190e-04 -1.087190e-04 
-9.918260e-05 -1.010900e-04 
-9.536790e-05 -1.068120e-04 
-1.049050e-04 -1.010900e-04 
-9.346050e-05 -9.155320e-05 
-9.918260e-05 -9.727520e-05 
-9.536790e-05 -1.029970e-04 
-1.068120e-04 -9.155320e-05 
-9.155320e-05 -9.918260e-05 
-9.155320e-05 -1.068120e-04 
-9.536790e-05 -9.155320e-05 
-1.010900e-04 -8.583120e-05 
-9.155320e-05 -9.536790e-05 
-1.068120e-04 -1.087190e-04 
-1.068120e-04 -1.068120e-04 
-1.125340e-04 -9.727520e-05 
-1.182560e-04 -1.125340e-04 
-1.201630e-04 -1.201630e-04 
-1.220710e-04 -1.087190e-04 
-1.029970e-04 -1.201630e-04 
-1.068120e-04 -1.201630e-04 
-1.144410e-04 -1.049050e-04 
-1.049050e-04 -1.201630e-04 
-1.106270e-04 -1.125340e-04 
-1.125340e-04 -1.201630e-04 
-1.201630e-04 -1.220710e-04 
-1.068120e-04 -1.201630e-04 
-1.163490e-04 -1.068120e-04 
-1.201630e-04 -1.144410e-04 
-1.068120e-04 -1.201630e-04 
-1.068120e-04 -1.125340e-04 
-1.220710e-04 -1.087190e-04 
-1.087190e-04 -1.068120e-04 
-1.182560e-04 -1.144410e-04 
-1.106270e-04 -1.144410e-04 
-1.163490e-04 -1.163490e-04 
-1.106270e-04 -1.258860e-04 
-1.125340e-04 -1.258860e-04 
-1.068120e-04 -1.316080e-04 
-1.182560e-04 -1.163490e-04 
-1.182560e-04 -1.201630e-04 
-9.918260e-05 -1.277930e-04 
-1.335150e-04 -1.335150e-04 
-1.201630e-04 -1.087190e-04 
-1.316080e-04 -1.087190e-04 
-1.087190e-04 -1.087190e-04 
-1.258860e-04 -1.239790e-04 
-1.087190e-04 -1.258860e-04 
-1.163490e-04 -1.277930e-04 
-1.201630e-04 -1.316080e-04 
-1.163490e-04 -1.335150e-04 
-1.258860e-04 -1.354230e-04 
-1.335150e-04 -1.201630e-04 
-1.297010e-04 -1.182560e-04 
-1.220710e-04 -1.297010e-04 
-1.335150e-04 -1.354230e-04 
-1.258860e-04 -1.163490e-04 
-1.335150e-04 -1.316080e-04 
-1.335150e-04 -1.392370e-04 
-1.277930e-04 -1.392370e-04 
-1.335150e-04 -1.335150e-04 
-1.258860e-04 -1.506810e-04 
-1.525890e-04 -1.392370e-04 
-1.354230e-04 -1.468670e-04 
-1.373300e-04 -1.411450e-04 
-1.487740e-04 -1.487740e-04 
-1.430520e-04 -1.468670e-04 
-1.544960e-04 -1.468670e-04 
-1.602180e-04 -1.525890e-04 
-1.659400e-04 -1.621260e-04 
-1.544960e-04 -1.544960e-04 
-1.716620e-04 -1.678480e-04 
-1.602180e-04 -1.716620e-04 
-1.754770e-04 -1.811990e-04 
-1.735700e-04 -1.754770e-04 
-1.716620e-04 -1.850140e-04 
-1.792920e-04 -1.811990e-04 
-1.850140e-04 -1.754770e-04 
-1.792920e-04 -1.831060e-04 
-1.964580e-04 -1.945500e-04 
-1.945500e-04 -1.907360e-04 
-1.964580e-04 -1.964580e-04 
-1.926430e-04 -1.983650e-04 
-1.964580e-04 -2.002730e-04 
-2.059950e-04 -1.983650e-04 
-2.098090e-04 -1.945500e-04 
-2.079020e-04 -2.079020e-04 
-2.079020e-04 -2.098090e-04 
-2.021800e-04 -2.040870e-04 
-2.193460e-04 -2.136240e-04 
-1.983650e-04 -1.983650e-04 
-2.117170e-04 -2.136240e-04 
-2.021800e-04 -2.098090e-04 
-2.079020e-04 -2.117170e-04 
-2.040870e-04 -2.117170e-04 
-1.983650e-04 -2.098090e-04 
-2.174390e-04 -2.155310e-04 
-2.174390e-04 -2.098090e-04 
-2.040870e-04 -2.002730e-04 
-2.040870e-04 -2.117170e-04 
-1.983650e-04 -2.136240e-04 
-2.098090e-04 -2.059950e-04 
-2.117170e-04 -2.059950e-04 
-2.098090e-04 -2.079020e-04 
-2.117170e-04 -2.059950e-04 
-2.040870e-04 -2.117170e-04 
-2.002730e-04 -2.098090e-04 
-1.907360e-04 -1.792920e-04 
-1.640330e-04 -1.659400e-04 
-1.850140e-04 -1.735700e-04 
-1.716620e-04 -1.697550e-04 
-1.716620e-04 -1.735700e-04 
-1.678480e-04 -1.659400e-04 
-1.621260e-04 -1.716620e-04 
-1.621260e-04 -1.831060e-04 
-1.201630e-04 -1.335150e-04 
-1.621260e-04 -1.583110e-04 
-1.792920e-04 -1.678480e-04 
