1.556400e-02 1.555640e-02 
1.554880e-02 1.556400e-02 
1.555640e-02 1.556400e-02 
1.555640e-02 1.555640e-02 
1.557170e-02 1.557930e-02 
1.559450e-02 1.560980e-02 
1.563270e-02 1.564800e-02 
1.566330e-02 1.568620e-02 
1.571670e-02 1.572430e-02 
1.574720e-02 1.576240e-02 
1.578530e-02 1.579300e-02 
1.580820e-02 1.583870e-02 
1.586160e-02 1.588450e-02 
1.589210e-02 1.590740e-02 
1.593790e-02 1.595320e-02 
1.597610e-02 1.599900e-02 
1.601420e-02 1.603710e-02 
1.605240e-02 1.607530e-02 
1.609810e-02 1.612100e-02 
1.614390e-02 1.616680e-02 
1.618970e-02 1.622020e-02 
1.622780e-02 1.625070e-02 
1.628120e-02 1.629650e-02 
1.631940e-02 1.635750e-02 
1.637280e-02 1.640330e-02 
1.641860e-02 1.643380e-02 
1.647200e-02 1.650250e-02 
1.652540e-02 1.654060e-02 
1.657120e-02 1.659410e-02 
1.661690e-02 1.664750e-02 
1.667800e-02 1.670850e-02 
1.673900e-02 1.675430e-02 
1.678480e-02 1.681530e-02 
1.683820e-02 1.686870e-02 
1.689920e-02 1.692210e-02 
1.695260e-02 1.699840e-02 
1.702130e-02 1.705180e-02 
1.708230e-02 1.710520e-02 
1.713570e-02 1.717390e-02 
1.721200e-02 1.724260e-02 
1.726540e-02 1.729600e-02 
1.732650e-02 1.737230e-02 
1.741040e-02 1.744850e-02 
1.747910e-02 1.751720e-02 
1.753250e-02 1.757820e-02 
1.760880e-02 1.764690e-02 
1.769270e-02 1.772320e-02 
1.776900e-02 1.779190e-02 
1.784530e-02 1.786050e-02 
1.789870e-02 1.795210e-02 
1.799020e-02 1.801310e-02 
1.805890e-02 1.809700e-02 
1.814280e-02 1.816570e-02 
1.821910e-02 1.825730e-02 
1.829540e-02 1.833360e-02 
1.836410e-02 1.840220e-02 
1.844040e-02 1.849380e-02 
1.850900e-02 1.855480e-02 
1.858530e-02 1.863870e-02 
1.865400e-02 1.870740e-02 
1.874550e-02 1.878370e-02 
1.880660e-02 1.885240e-02 
1.888290e-02 1.892100e-02 
1.895150e-02 1.897440e-02 
1.901260e-02 1.904310e-02 
1.908890e-02 1.911180e-02 
1.915750e-02 1.917280e-02 
1.919570e-02 1.923380e-02 
1.926430e-02 1.928720e-02 
1.932540e-02 1.934830e-02 
1.936350e-02 1.940170e-02 
1.943220e-02 1.943980e-02 
1.946270e-02 1.949320e-02 
1.952370e-02 1.953140e-02 
1.954660e-02 1.957710e-02 
1.959240e-02 1.961530e-02 
1.963820e-02 1.965340e-02 
1.967630e-02 1.967630e-02 
1.969920e-02 1.970680e-02 
1.972210e-02 1.973740e-02 
1.975260e-02 1.976790e-02 
1.977550e-02 1.979080e-02 
1.979840e-02 1.980600e-02 
1.982130e-02 1.982890e-02 
1.984420e-02 1.984420e-02 
1.986710e-02 1.987470e-02 
1.987470e-02 1.988230e-02 
1.989760e-02 1.990520e-02 
1.990520e-02 1.990520e-02 
1.992050e-02 1.991280e-02 
1.992810e-02 1.992810e-02 
1.994340e-02 1.993570e-02 
1.994340e-02 1.994340e-02 
1.995860e-02 1.995860e-02 
1.995860e-02 1.996620e-02 
1.996620e-02 1.997390e-02 
1.997390e-02 1.996620e-02 
1.996620e-02 1.998150e-02 
1.998150e-02 1.997390e-02 
1.998910e-02 1.998910e-02 
1.998150e-02 1.999680e-02 
1.999680e-02 1.998150e-02 
1.998910e-02 1.999680e-02 
2.000440e-02 2.000440e-02 
1.998910e-02 2.000440e-02 
1.999680e-02 1.998910e-02 
2.000440e-02 1.999680e-02 
2.000440e-02 1.999680e-02 
2.001200e-02 1.999680e-02 
2.000440e-02 2.001200e-02 
1.999680e-02 2.000440e-02 
1.999680e-02 2.000440e-02 
1.999680e-02 2.000440e-02 
2.000440e-02 2.000440e-02 
2.001200e-02 2.001200e-02 
2.000440e-02 2.000440e-02 
2.000440e-02 2.000440e-02 
1.999680e-02 2.000440e-02 
2.001200e-02 2.001200e-02 
2.001200e-02 2.000440e-02 
2.001200e-02 1.999680e-02 
1.999680e-02 2.000440e-02 
2.001200e-02 2.000440e-02 
1.999680e-02 2.001200e-02 
1.999680e-02 2.000440e-02 
2.000440e-02 1.999680e-02 
2.000440e-02 2.000440e-02 
2.000440e-02 2.000440e-02 
2.000440e-02 1.998910e-02 
1.999680e-02 1.998910e-02 
1.997390e-02 1.998150e-02 
1.998910e-02 1.998910e-02 
1.998150e-02 1.998150e-02 
1.997390e-02 1.996620e-02 
1.996620e-02 1.995860e-02 
1.995860e-02 1.994340e-02 
1.995100e-02 1.995100e-02 
1.993570e-02 1.992050e-02 
1.992050e-02 1.992810e-02 
1.991280e-02 1.989760e-02 
1.990520e-02 1.989000e-02 
1.988230e-02 1.986710e-02 
1.986710e-02 1.985180e-02 
1.985180e-02 1.982890e-02 
1.982130e-02 1.980600e-02 
1.979840e-02 1.978310e-02 
1.976790e-02 1.975260e-02 
1.974500e-02 1.973740e-02 
1.971450e-02 1.969920e-02 
1.967630e-02 1.967630e-02 
1.964580e-02 1.964580e-02 
1.961530e-02 1.961530e-02 
1.959240e-02 1.958480e-02 
1.953900e-02 1.953140e-02 
1.950850e-02 1.949320e-02 
1.948560e-02 1.945510e-02 
1.943220e-02 1.943220e-02 
1.940930e-02 1.938640e-02 
1.937120e-02 1.934830e-02 
1.931770e-02 1.929490e-02 
1.928720e-02 1.926430e-02 
1.925670e-02 1.923380e-02 
1.920330e-02 1.919570e-02 
1.916520e-02 1.914990e-02 
1.912700e-02 1.911180e-02 
1.910410e-02 1.908120e-02 
1.906600e-02 0 
-7.629450e-06 0 
0 0 
0 0 
-7.629450e-06 0 
0 0 
0 0 
0 0 
0 0 
-7.629450e-06 -7.629450e-06 
-1.525890e-05 -1.525890e-05 
-1.525890e-05 -1.525890e-05 
-7.629450e-06 -1.525890e-05 
-7.629450e-06 -1.525890e-05 
-1.525890e-05 -7.629450e-06 
0 0 
-1.525890e-05 -1.525890e-05 
-1.525890e-05 -1.525890e-05 
-1.525890e-05 -2.288830e-05 
-3.051780e-05 -1.525890e-05 
-2.288830e-05 -2.288830e-05 
-1.525890e-05 -3.051780e-05 
-2.288830e-05 -2.288830e-05 
-2.288830e-05 -3.051780e-05 
-3.051780e-05 -3.051780e-05 
-1.525890e-05 -1.525890e-05 
-2.288830e-05 -2.288830e-05 
-2.288830e-05 -2.288830e-05 
-2.288830e-05 -3.051780e-05 
-3.814720e-05 -3.051780e-05 
-2.288830e-05 -3.814720e-05 
-3.051780e-05 -3.814720e-05 
-3.814720e-05 -4.577660e-05 
-4.577660e-05 -3.814720e-05 
-3.814720e-05 -3.051780e-05 
-3.814720e-05 -3.814720e-05 
-2.288830e-05 -2.288830e-05 
-3.051780e-05 -4.577660e-05 
-4.577660e-05 -4.577660e-05 
-3.051780e-05 -3.051780e-05 
-3.814720e-05 -5.340600e-05 
-4.577660e-05 -3.814720e-05 
-4.577660e-05 -4.577660e-05 
-5.340600e-05 -3.051780e-05 
-5.340600e-05 -5.340600e-05 
-5.340600e-05 -5.340600e-05 
-4.577660e-05 -4.577660e-05 
-5.340600e-05 -3.814720e-05 
-4.577660e-05 -5.340600e-05 
-5.340600e-05 -6.103560e-05 
-4.577660e-05 -4.577660e-05 
-5.340600e-05 -5.340600e-05 
-5.340600e-05 -4.577660e-05 
-5.340600e-05 -5.340600e-05 
-4.577660e-05 -5.340600e-05 
-5.340600e-05 -5.340600e-05 
-5.340600e-05 -5.340600e-05 
-5.340600e-05 -5.340600e-05 
-6.103560e-05 -5.340600e-05 
-5.340600e-05 -6.103560e-05 
-5.340600e-05 -6.103560e-05 
-6.866500e-05 -5.340600e-05 
-5.340600e-05 -6.103560e-05 
-4.577660e-05 -6.103560e-05 
-6.103560e-05 -6.103560e-05 
-6.103560e-05 -6.103560e-05 
-6.103560e-05 -5.340600e-05 
-6.103560e-05 -6.103560e-05 
-5.340600e-05 -6.866500e-05 
-7.629440e-05 -5.340600e-05 
-5.340600e-05 -5.340600e-05 
-5.340600e-05 -5.340600e-05 
-6.866500e-05 -6.866500e-05 
-5.340600e-05 -6.103560e-05 
-6.103560e-05 -7.629440e-05 
-6.866500e-05 -6.103560e-05 
-6.866500e-05 -6.103560e-05 
-5.340600e-05 -6.866500e-05 
-6.866500e-05 -6.866500e-05 
-5.340600e-05 -6.866500e-05 
-6.866500e-05 -6.866500e-05 
-6.866500e-05 -6.103560e-05 
-6.866500e-05 -6.103560e-05 
-6.103560e-05 -6.866500e-05 
-6.866500e-05 -6.866500e-05 
-6.103560e-05 -5.340600e-05 
-5.340600e-05 -6.866500e-05 
-6.103560e-05 -6.866500e-05 
-6.866500e-05 -6.866500e-05 
-5.340600e-05 -5.340600e-05 
-6.103560e-05 -6.103560e-05 
-6.103560e-05 -6.103560e-05 
-6.866500e-05 -6.866500e-05 
-6.103560e-05 -5.340600e-05 
-5.340600e-05 -6.866500e-05 
-5.340600e-05 -6.866500e-05 
-5.340600e-05 -5.340600e-05 
-7.629440e-05 -8.392380e-05 
-6.866500e-05 -3.051780e-05 
-3.051780e-05 -5.340600e-05 
-5.340600e-05 -6.866500e-05 
-5.340600e-05 -5.340600e-05 
-6.866500e-05 -6.866500e-05 
-6.866500e-05 -6.103560e-05 
-5.340600e-05 -6.103560e-05 
-6.103560e-05 -5.340600e-05 
-6.103560e-05 -6.103560e-05 
-5.340600e-05 -6.103560e-05 
-7.629440e-05 -5.340600e-05 
-6.866500e-05 -7.629440e-05 
-6.103560e-05 -6.866500e-05 
-6.866500e-05 -6.866500e-05 
-6.866500e-05 -8.392380e-05 
-6.866500e-05 -6.103560e-05 
-6.103560e-05 -5.340600e-05 
-6.866500e-05 -7.629440e-05 
-5.340600e-05 -6.866500e-05 
-6.103560e-05 -7.629440e-05 
-6.103560e-05 -6.866500e-05 
-6.866500e-05 -6.103560e-05 
-6.866500e-05 -6.103560e-05 
-6.866500e-05 -6.866500e-05 
-7.629440e-05 -6.103560e-05 
-6.103560e-05 -7.629440e-05 
-6.866500e-05 -7.629440e-05 
-6.866500e-05 -6.866500e-05 
-9.155320e-05 -6.866500e-05 
-6.866500e-05 -8.392380e-05 
-6.866500e-05 -6.866500e-05 
-8.392380e-05 -6.866500e-05 
-7.629440e-05 -7.629440e-05 
-6.866500e-05 -8.392380e-05 
-6.866500e-05 -7.629440e-05 
-6.866500e-05 -7.629440e-05 
-7.629440e-05 -7.629440e-05 
-7.629440e-05 -7.629440e-05 
-9.155320e-05 -7.629440e-05 
-8.392380e-05 -8.392380e-05 
-7.629440e-05 -8.392380e-05 
-6.866500e-05 -7.629440e-05 
-9.155320e-05 -6.866500e-05 
-9.155320e-05 -7.629440e-05 
-8.392380e-05 -6.866500e-05 
-9.155320e-05 -7.629440e-05 
-7.629440e-05 -7.629440e-05 
-9.155320e-05 -8.392380e-05 
-9.155320e-05 -8.392380e-05 
-8.392380e-05 -7.629440e-05 
-6.866500e-05 -9.155320e-05 
-8.392380e-05 -9.155320e-05 
-8.392380e-05 -9.155320e-05 
-7.629440e-05 -8.392380e-05 
-7.629440e-05 -7.629440e-05 
-7.629440e-05 -9.155320e-05 
-9.155320e-05 -9.155320e-05 
-9.155320e-05 -7.629440e-05 
-9.155320e-05 -9.918260e-05 
-7.629440e-05 -8.392380e-05 
-8.392380e-05 -8.392380e-05 
-8.392380e-05 -9.155320e-05 
-9.155320e-05 -9.918260e-05 
-9.918260e-05 -8.392380e-05 
-8.392380e-05 -9.918260e-05 
-8.392380e-05 -1.068120e-04 
-9.918260e-05 -1.068120e-04 
-1.068120e-04 -9.918260e-05 
-1.068120e-04 -1.068120e-04 
