3.814730e-06 2.670300e-05 
3.814720e-05 5.340600e-05 
6.675770e-05 9.155320e-05 
1.010900e-04 1.220710e-04 
1.335150e-04 1.544960e-04 
1.678480e-04 1.869210e-04 
2.040870e-04 2.212530e-04 
2.403270e-04 2.555870e-04 
2.765670e-04 2.899190e-04 
3.166220e-04 3.280660e-04 
3.547690e-04 3.643050e-04 
3.910080e-04 3.986380e-04 
4.291550e-04 4.367850e-04 
4.653950e-04 4.749320e-04 
5.016360e-04 5.149880e-04 
5.397830e-04 5.550420e-04 
5.760230e-04 5.931890e-04 
6.122630e-04 6.332430e-04 
6.485020e-04 6.732980e-04 
6.866490e-04 7.133520e-04 
7.247960e-04 7.534060e-04 
7.629430e-04 7.915530e-04 
8.029970e-04 8.316080e-04 
8.411440e-04 8.678470e-04 
8.811990e-04 9.040870e-04 
9.212530e-04 9.403270e-04 
9.613070e-04 9.784770e-04 
1.003270e-03 1.016620e-03 
1.041420e-03 1.054770e-03 
1.081470e-03 1.092920e-03 
1.121530e-03 1.132970e-03 
1.159680e-03 1.173030e-03 
1.195920e-03 1.213080e-03 
1.232150e-03 1.253140e-03 
1.270300e-03 1.293190e-03 
1.308450e-03 1.333240e-03 
1.346600e-03 1.371390e-03 
1.384740e-03 1.411450e-03 
1.424800e-03 1.449590e-03 
1.464850e-03 1.485830e-03 
1.504910e-03 1.523980e-03 
1.543050e-03 1.560220e-03 
1.583110e-03 1.598370e-03 
1.623160e-03 1.636510e-03 
1.661310e-03 1.676570e-03 
1.699460e-03 1.714710e-03 
1.735690e-03 1.754770e-03 
1.773840e-03 1.794820e-03 
1.811990e-03 1.832970e-03 
1.848230e-03 1.873020e-03 
1.886380e-03 1.911170e-03 
1.926430e-03 1.947410e-03 
1.964580e-03 1.983660e-03 
2.004640e-03 2.019900e-03 
2.040880e-03 2.058040e-03 
2.079020e-03 2.098100e-03 
2.119080e-03 2.136250e-03 
2.155320e-03 2.174390e-03 
2.193470e-03 2.212540e-03 
2.229710e-03 2.250690e-03 
2.269760e-03 2.286930e-03 
2.307910e-03 2.325070e-03 
2.344150e-03 2.363220e-03 
2.380390e-03 2.401370e-03 
2.418530e-03 2.441420e-03 
2.456680e-03 2.477660e-03 
2.494830e-03 2.511990e-03 
2.532970e-03 2.552050e-03 
2.571120e-03 2.590190e-03 
2.607360e-03 2.626430e-03 
2.645510e-03 2.666490e-03 
2.681750e-03 2.700820e-03 
2.719890e-03 2.738970e-03 
2.756130e-03 2.777110e-03 
2.794280e-03 2.811450e-03 
2.832430e-03 2.851500e-03 
2.868670e-03 2.889650e-03 
2.906810e-03 2.925890e-03 
2.943050e-03 2.962130e-03 
2.981200e-03 2.996460e-03 
3.015530e-03 3.036510e-03 
3.049870e-03 3.068940e-03 
3.088010e-03 3.105180e-03 
3.124250e-03 3.145230e-03 
3.164310e-03 3.181470e-03 
3.200550e-03 3.221530e-03 
3.234880e-03 3.255860e-03 
3.273030e-03 3.294010e-03 
3.311170e-03 3.328340e-03 
3.347410e-03 3.366490e-03 
3.383650e-03 3.400820e-03 
3.417980e-03 3.435150e-03 
3.456130e-03 3.471390e-03 
3.490460e-03 3.505720e-03 
3.524800e-03 3.541960e-03 
3.564850e-03 3.578200e-03 
3.597270e-03 3.616350e-03 
3.633510e-03 3.654490e-03 
3.671660e-03 3.688830e-03 
3.707900e-03 3.726970e-03 
3.747950e-03 3.765120e-03 
3.784190e-03 3.801360e-03 
3.818530e-03 3.835690e-03 
3.854770e-03 3.873840e-03 
3.889100e-03 3.904360e-03 
3.923450e-03 3.942520e-03 
3.959690e-03 3.974940e-03 
3.992110e-03 4.007370e-03 
4.024540e-03 4.039790e-03 
4.058870e-03 4.077940e-03 
4.095110e-03 4.110370e-03 
4.127530e-03 4.144700e-03 
4.165680e-03 4.182850e-03 
4.200010e-03 4.220990e-03 
4.238160e-03 4.259140e-03 
4.276310e-03 4.297290e-03 
4.312550e-03 4.331620e-03 
4.350690e-03 4.369770e-03 
4.390750e-03 4.407910e-03 
4.425080e-03 4.447970e-03 
4.463230e-03 4.484210e-03 
4.501370e-03 4.520450e-03 
4.535700e-03 4.554780e-03 
4.571940e-03 4.589110e-03 
4.606280e-03 4.619630e-03 
4.638700e-03 4.655870e-03 
4.671130e-03 4.686390e-03 
4.701640e-03 4.715000e-03 
4.730250e-03 4.745510e-03 
4.762680e-03 4.777940e-03 
4.793200e-03 4.808460e-03 
4.827530e-03 4.842790e-03 
4.858050e-03 4.875210e-03 
4.890470e-03 4.905730e-03 
4.924800e-03 4.940060e-03 
4.953410e-03 4.972490e-03 
4.991560e-03 5.004910e-03 
5.029710e-03 5.046870e-03 
5.060230e-03 5.081210e-03 
5.098370e-03 5.117450e-03 
5.134610e-03 5.157500e-03 
5.176570e-03 5.195650e-03 
5.214720e-03 5.235700e-03 
5.252870e-03 5.273850e-03 
5.292920e-03 5.310090e-03 
5.331070e-03 5.352050e-03 
5.371120e-03 5.388290e-03 
5.413090e-03 5.432160e-03 
5.453140e-03 5.468400e-03 
5.489380e-03 5.510360e-03 
5.527530e-03 5.546600e-03 
5.561860e-03 5.580930e-03 
5.598100e-03 5.619080e-03 
5.636250e-03 5.649600e-03 
5.662950e-03 5.680110e-03 
5.695370e-03 5.712540e-03 
5.727800e-03 5.743060e-03 
5.756410e-03 5.769760e-03 
5.783110e-03 5.796460e-03 
5.807910e-03 5.819350e-03 
5.832700e-03 5.847960e-03 
5.861310e-03 5.874660e-03 
5.886110e-03 5.901370e-03 
5.914720e-03 5.926160e-03 
5.939510e-03 5.952860e-03 
5.962400e-03 5.979570e-03 
5.991010e-03 6.006270e-03 
6.021530e-03 6.034880e-03 
6.046320e-03 6.067310e-03 
6.084470e-03 6.094010e-03 
6.113080e-03 6.130250e-03 
6.139790e-03 6.160770e-03 
6.177930e-03 6.193190e-03 
6.212260e-03 6.223710e-03 
6.244690e-03 6.259950e-03 
6.275210e-03 6.298090e-03 
6.313350e-03 6.330520e-03 
6.347690e-03 6.366760e-03 
6.383930e-03 6.401090e-03 
6.416350e-03 6.441150e-03 
6.458310e-03 6.475480e-03 
6.494550e-03 6.515530e-03 
6.534610e-03 6.555590e-03 
6.574660e-03 6.589920e-03 
6.610900e-03 6.629970e-03 
6.654770e-03 6.671940e-03 
6.692920e-03 6.711990e-03 
6.732970e-03 6.752040e-03 
6.774930e-03 6.795910e-03 
6.820710e-03 6.837870e-03 
6.858860e-03 6.883650e-03 
6.906540e-03 6.929430e-03 
6.948500e-03 6.967570e-03 
6.990460e-03 7.011440e-03 
7.032420e-03 7.057220e-03 
7.080110e-03 7.103000e-03 
7.122070e-03 7.143050e-03 
7.167850e-03 7.183100e-03 
7.205990e-03 7.230790e-03 
7.251770e-03 7.270840e-03 
7.289920e-03 7.308990e-03 
7.328060e-03 7.339510e-03 
7.364300e-03 7.381470e-03 
7.392910e-03 7.411990e-03 
7.429150e-03 7.438690e-03 
7.457760e-03 7.465390e-03 
7.478740e-03 7.490190e-03 
7.503540e-03 7.511170e-03 
7.526430e-03 7.532150e-03 
7.541690e-03 7.551220e-03 
7.558850e-03 7.568390e-03 
7.574110e-03 7.579830e-03 
7.591280e-03 7.598910e-03 
7.604630e-03 7.608440e-03 
7.616070e-03 7.629420e-03 
7.633240e-03 7.638960e-03 
7.644680e-03 7.658030e-03 
7.659940e-03 7.671390e-03 
7.677110e-03 7.690460e-03 
7.696180e-03 7.705720e-03 
7.713350e-03 7.720980e-03 
7.736240e-03 7.747680e-03 
7.757220e-03 7.762940e-03 
7.776290e-03 7.782010e-03 
7.801090e-03 7.804900e-03 
7.816370e-03 7.835450e-03 
7.843080e-03 7.854520e-03 
7.867870e-03 7.877410e-03 
7.894580e-03 7.904110e-03 
7.921280e-03 7.930820e-03 
7.947980e-03 7.957520e-03 
7.974680e-03 7.991850e-03 
8.009020e-03 8.018550e-03 
8.035720e-03 8.045260e-03 
8.064330e-03 8.079590e-03 
8.092940e-03 8.104380e-03 
8.119640e-03 8.136810e-03 
8.150160e-03 8.163510e-03 
8.186400e-03 8.197840e-03 
8.211200e-03 8.226450e-03 
8.243620e-03 8.253160e-03 
8.270320e-03 8.291300e-03 
8.306560e-03 8.321820e-03 
8.335170e-03 8.348520e-03 
8.365690e-03 8.382860e-03 
8.396210e-03 8.413370e-03 
8.430540e-03 8.449610e-03 
8.461060e-03 8.482040e-03 
8.489670e-03 8.508740e-03 
8.524000e-03 8.541170e-03 
8.558330e-03 8.575500e-03 
8.594570e-03 8.607920e-03 
8.625090e-03 8.644160e-03 
8.655610e-03 8.674680e-03 
8.695660e-03 8.710920e-03 
8.728090e-03 8.741440e-03 
8.758600e-03 8.777680e-03 
8.792940e-03 8.810100e-03 
8.832990e-03 8.848250e-03 
8.871140e-03 8.882580e-03 
8.907380e-03 8.918820e-03 
8.937900e-03 8.960780e-03 
8.977950e-03 8.991300e-03 
9.012280e-03 9.031360e-03 
9.048520e-03 9.069500e-03 
9.096210e-03 9.109560e-03 
9.128630e-03 9.151520e-03 
9.174410e-03 9.187760e-03 
9.208740e-03 9.233530e-03 
9.248790e-03 9.273590e-03 
9.292660e-03 9.319370e-03 
9.334620e-03 9.361330e-03 
9.382310e-03 9.399470e-03 
9.426180e-03 9.445250e-03 
9.466230e-03 9.492930e-03 
9.515820e-03 9.532990e-03 
9.555880e-03 9.584490e-03 
9.609280e-03 9.630260e-03 
9.653150e-03 9.676040e-03 
9.700830e-03 9.729440e-03 
9.748520e-03 9.779040e-03 
9.798110e-03 9.824810e-03 
9.857240e-03 9.882030e-03 
9.906830e-03 9.925900e-03 
9.954510e-03 9.981220e-03 
1.001170e-02 1.003460e-02 
1.005750e-02 1.008610e-02 
1.011850e-02 1.013950e-02 
1.016810e-02 1.019290e-02 
1.021960e-02 1.024440e-02 
1.028070e-02 1.029970e-02 
1.032450e-02 1.036460e-02 
1.039130e-02 1.041230e-02 
1.044280e-02 1.046380e-02 
1.048860e-02 1.051910e-02 
1.054580e-02 1.057060e-02 
1.058780e-02 1.061450e-02 
1.063930e-02 1.066600e-02 
1.068120e-02 1.070790e-02 
1.072130e-02 1.074800e-02 
1.076890e-02 1.078800e-02 
1.079950e-02 1.082620e-02 
1.083950e-02 1.085290e-02 
1.087000e-02 1.088910e-02 
1.089670e-02 1.091390e-02 
1.091960e-02 1.093680e-02 
1.093870e-02 1.094820e-02 
1.095970e-02 1.096540e-02 
1.097490e-02 1.098830e-02 
1.098640e-02 1.099780e-02 
1.100550e-02 1.100550e-02 
1.101310e-02 1.101120e-02 
1.101690e-02 1.101120e-02 
1.101880e-02 1.101500e-02 
1.102450e-02 1.101690e-02 
1.101310e-02 1.102070e-02 
1.102070e-02 1.101310e-02 
1.100550e-02 1.100740e-02 
1.100360e-02 1.100550e-02 
1.099780e-02 1.099780e-02 
1.099210e-02 1.098450e-02 
1.098450e-02 1.097300e-02 
1.097110e-02 1.096540e-02 
1.095590e-02 1.095010e-02 
1.095010e-02 1.094820e-02 
1.094440e-02 1.093300e-02 
1.093110e-02 1.093300e-02 
1.092920e-02 1.091960e-02 
1.092150e-02 1.091770e-02 
1.091960e-02 1.091960e-02 
1.091580e-02 1.091200e-02 
1.091200e-02 1.091960e-02 
1.091960e-02 1.091770e-02 
1.092540e-02 1.092340e-02 
1.092540e-02 1.092540e-02 
1.093680e-02 1.093490e-02 
1.094440e-02 1.094250e-02 
1.095590e-02 1.095590e-02 
1.096350e-02 1.096350e-02 
1.097880e-02 1.097690e-02 
1.098640e-02 1.099780e-02 
1.100160e-02 1.101500e-02 
1.101880e-02 1.102640e-02 
1.103030e-02 1.104360e-02 
1.105120e-02 1.106270e-02 
1.107030e-02 1.107980e-02 
1.109320e-02 1.110270e-02 
1.111420e-02 1.112180e-02 
1.113520e-02 1.113900e-02 
1.115040e-02 1.116000e-02 
1.117520e-02 1.118480e-02 
1.119620e-02 1.121340e-02 
1.121720e-02 1.123050e-02 
1.124200e-02 1.125340e-02 
1.126680e-02 1.127820e-02 
1.128770e-02 1.130110e-02 
1.131640e-02 1.132780e-02 
1.134500e-02 1.135640e-02 
1.136790e-02 1.137930e-02 
1.139460e-02 1.140790e-02 
1.141740e-02 1.143080e-02 
1.144800e-02 1.145560e-02 
1.146890e-02 1.148040e-02 
1.149560e-02 1.151280e-02 
1.152430e-02 1.154140e-02 
1.155100e-02 1.156810e-02 
1.158150e-02 1.159860e-02 
1.160820e-02 1.162340e-02 
1.163870e-02 1.165210e-02 
1.165780e-02 1.167680e-02 
1.168640e-02 1.169970e-02 
1.171310e-02 1.173030e-02 
1.175120e-02 1.176460e-02 
1.177410e-02 1.178560e-02 
1.180460e-02 1.181800e-02 
1.182750e-02 1.184660e-02 
1.186000e-02 1.187520e-02 
1.189050e-02 1.189620e-02 
1.190950e-02 1.192480e-02 
1.193820e-02 1.196100e-02 
1.197440e-02 1.198390e-02 
1.199350e-02 1.201060e-02 
1.202210e-02 1.204120e-02 
1.204880e-02 1.206790e-02 
1.208120e-02 1.209840e-02 
1.211170e-02 1.212130e-02 
1.213270e-02 1.214610e-02 
1.215940e-02 1.217280e-02 
1.219370e-02 1.221090e-02 
1.221470e-02 1.223760e-02 
1.225100e-02 1.226430e-02 
1.227380e-02 1.229290e-02 
1.230250e-02 1.231770e-02 
1.233110e-02 1.234630e-02 
1.235400e-02 1.237300e-02 
1.238260e-02 1.239020e-02 
1.240930e-02 1.242640e-02 
1.243030e-02 1.245120e-02 
1.246650e-02 1.247600e-02 
1.248560e-02 1.249510e-02 
1.251230e-02 1.252560e-02 
1.253520e-02 1.254850e-02 
1.256000e-02 1.257330e-02 
1.259620e-02 1.260950e-02 
1.262290e-02 1.263050e-02 
1.263620e-02 1.264960e-02 
1.266870e-02 1.267440e-02 
1.268770e-02 1.270490e-02 
1.271830e-02 1.273160e-02 
1.274500e-02 1.275450e-02 
1.276590e-02 1.277550e-02 
1.279260e-02 1.279840e-02 
1.281360e-02 1.283080e-02 
1.283840e-02 1.284800e-02 
1.286510e-02 1.287280e-02 
1.288230e-02 1.290140e-02 
1.290710e-02 1.291850e-02 
1.293950e-02 1.295290e-02 
1.295290e-02 1.297380e-02 
1.297960e-02 1.299100e-02 
1.300630e-02 1.302340e-02 
1.302530e-02 1.304250e-02 
1.305400e-02 1.305970e-02 
1.307110e-02 1.309020e-02 
1.309780e-02 1.310740e-02 
1.312640e-02 1.312830e-02 
1.314550e-02 1.315500e-02 
1.316270e-02 1.318170e-02 
1.318750e-02 1.320840e-02 
1.321800e-02 1.322180e-02 
1.324090e-02 1.325420e-02 
1.326190e-02 1.327140e-02 
1.328280e-02 1.329620e-02 
1.330190e-02 1.332100e-02 
1.333430e-02 1.334770e-02 
1.335150e-02 1.336870e-02 
1.337630e-02 1.338390e-02 
1.340110e-02 1.341440e-02 
1.342210e-02 1.343730e-02 
1.344310e-02 1.345450e-02 
1.346780e-02 1.348690e-02 
1.349460e-02 1.350030e-02 
1.351930e-02 1.353270e-02 
1.354030e-02 1.354600e-02 
1.356130e-02 1.357280e-02 
1.358420e-02 1.359560e-02 
1.361660e-02 1.362810e-02 
1.363570e-02 1.364330e-02 
1.365480e-02 1.367380e-02 
1.368720e-02 1.369860e-02 
1.370630e-02 1.371580e-02 
1.372720e-02 1.374630e-02 
1.376350e-02 1.376730e-02 
1.378640e-02 1.379590e-02 
1.381120e-02 1.382260e-02 
1.383020e-02 1.384170e-02 
1.386080e-02 1.387220e-02 
1.387600e-02 1.389700e-02 
1.390080e-02 1.391800e-02 
1.392750e-02 1.393900e-02 
1.395040e-02 1.397330e-02 
1.397900e-02 1.399430e-02 
1.400380e-02 1.402290e-02 
1.403430e-02 1.404390e-02 
1.405530e-02 1.406870e-02 
1.408580e-02 1.409730e-02 
1.411440e-02 1.412780e-02 
1.413160e-02 1.415450e-02 
1.416590e-02 1.417740e-02 
1.419260e-02 1.420220e-02 
1.421740e-02 1.422890e-02 
1.424410e-02 1.425180e-02 
1.427270e-02 1.428800e-02 
1.430330e-02 1.431660e-02 
1.432620e-02 1.434330e-02 
1.435290e-02 1.437190e-02 
1.437570e-02 1.439100e-02 
1.441200e-02 1.442150e-02 
1.443110e-02 1.444250e-02 
1.445780e-02 1.447680e-02 
1.449400e-02 1.450350e-02 
1.451120e-02 1.453020e-02 
1.453980e-02 1.456270e-02 
1.457220e-02 1.458940e-02 
1.460270e-02 1.461230e-02 
1.463510e-02 1.464280e-02 
1.466180e-02 1.466950e-02 
1.468860e-02 1.470190e-02 
1.472290e-02 1.473430e-02 
1.474770e-02 1.476680e-02 
1.477440e-02 1.479730e-02 
1.480490e-02 1.482590e-02 
1.484110e-02 1.484500e-02 
1.487170e-02 1.488690e-02 
1.489450e-02 1.490600e-02 
1.491930e-02 1.493840e-02 
1.495180e-02 1.497850e-02 
1.498610e-02 1.500900e-02 
1.501660e-02 1.503000e-02 
1.504330e-02 1.507000e-02 
1.508720e-02 1.509480e-02 
1.511200e-02 1.513300e-02 
1.515010e-02 1.515390e-02 
1.517110e-02 1.518450e-02 
1.521310e-02 1.522830e-02 
1.524740e-02 1.525120e-02 
1.527790e-02 1.528360e-02 
1.530080e-02 1.531610e-02 
1.534280e-02 1.536180e-02 
1.537710e-02 1.539240e-02 
1.540950e-02 1.542860e-02 
1.544770e-02 1.545150e-02 
1.547440e-02 1.548770e-02 
1.550490e-02 1.553350e-02 
1.553920e-02 1.556970e-02 
1.558690e-02 1.559260e-02 
1.561170e-02 1.564040e-02 
1.565950e-02 1.567850e-02 
1.569190e-02 1.571290e-02 
1.573570e-02 1.575100e-02 
1.576630e-02 1.578150e-02 
1.579870e-02 1.583110e-02 
1.583870e-02 1.586350e-02 
1.588640e-02 1.589600e-02 
1.592270e-02 1.594940e-02 
1.596840e-02 1.598940e-02 
1.600470e-02 1.602180e-02 
1.605430e-02 1.606950e-02 
1.609050e-02 1.610770e-02 
1.613630e-02 1.615730e-02 
1.618400e-02 1.620110e-02 
1.622780e-02 1.623930e-02 
1.626600e-02 1.629650e-02 
1.631560e-02 1.634420e-02 
1.635940e-02 1.638810e-02 
1.641090e-02 1.643760e-02 
1.646440e-02 1.648530e-02 
1.650440e-02 1.654060e-02 
1.656160e-02 1.659020e-02 
1.662080e-02 1.663600e-02 
1.666270e-02 1.670280e-02 
1.672380e-02 1.674660e-02 
1.676950e-02 1.680960e-02 
1.683440e-02 1.686870e-02 
1.689920e-02 1.692590e-02 
1.694880e-02 1.698120e-02 
1.701940e-02 1.705180e-02 
1.707090e-02 1.710140e-02 
1.713760e-02 1.716430e-02 
1.720440e-02 1.723680e-02 
1.726930e-02 1.730930e-02 
1.733220e-02 1.737610e-02 
1.741230e-02 1.743520e-02 
1.746760e-02 1.751340e-02 
1.755150e-02 1.757440e-02 
1.761260e-02 1.766410e-02 
1.768310e-02 1.772320e-02 
1.776710e-02 1.781090e-02 
1.783760e-02 1.788150e-02 
1.791200e-02 1.795590e-02 
1.799980e-02 1.802270e-02 
1.807220e-02 1.811420e-02 
1.815430e-02 1.818670e-02 
1.821910e-02 1.827250e-02 
1.830490e-02 1.835070e-02 
1.838700e-02 1.841940e-02 
1.845180e-02 1.849380e-02 
1.852620e-02 1.856820e-02 
1.861200e-02 1.864250e-02 
1.868260e-02 1.871690e-02 
1.875130e-02 1.878750e-02 
1.882370e-02 1.886000e-02 
1.890770e-02 1.893250e-02 
1.897250e-02 1.900490e-02 
1.902970e-02 1.906980e-02 
1.910030e-02 1.912700e-02 
1.916130e-02 1.920330e-02 
1.922810e-02 1.925290e-02 
1.928720e-02 1.931580e-02 
1.933300e-02 1.935780e-02 
1.939210e-02 1.941690e-02 
1.944550e-02 1.946650e-02 
1.949320e-02 1.950090e-02 
1.952370e-02 1.955040e-02 
1.957140e-02 1.958290e-02 
1.961340e-02 1.963440e-02 
1.964580e-02 1.966110e-02 
1.967060e-02 1.968590e-02 
1.971070e-02 1.972970e-02 
1.973350e-02 1.974120e-02 
1.977170e-02 1.976790e-02 
1.979270e-02 1.980030e-02 
1.981560e-02 1.981370e-02 
1.983270e-02 1.984420e-02 
1.984040e-02 1.985560e-02 
1.987090e-02 1.987850e-02 
1.988420e-02 1.988040e-02 
1.989950e-02 1.989760e-02 
1.990710e-02 1.990330e-02 
1.992430e-02 1.992810e-02 
1.992430e-02 1.993000e-02 
1.993950e-02 1.993950e-02 
1.994530e-02 1.995100e-02 
1.995860e-02 1.994720e-02 
1.995480e-02 1.996430e-02 
1.995670e-02 1.996430e-02 
1.996620e-02 1.996820e-02 
1.996430e-02 1.996430e-02 
1.997010e-02 1.997960e-02 
1.996620e-02 1.997580e-02 
1.998340e-02 1.998720e-02 
1.997580e-02 1.997390e-02 
1.998910e-02 1.998910e-02 
1.998340e-02 1.998910e-02 
1.997580e-02 1.997770e-02 
1.997960e-02 1.998530e-02 
1.999100e-02 1.999100e-02 
1.997770e-02 1.999490e-02 
1.998340e-02 1.998910e-02 
1.998150e-02 1.999100e-02 
1.999680e-02 1.999680e-02 
1.998150e-02 1.998150e-02 
1.998150e-02 1.999490e-02 
1.999100e-02 1.999680e-02 
1.999100e-02 1.999680e-02 
1.998340e-02 1.999680e-02 
1.998530e-02 1.999100e-02 
1.999680e-02 1.998150e-02 
1.999680e-02 1.998340e-02 
1.998340e-02 1.998530e-02 
1.999290e-02 1.998150e-02 
1.998150e-02 1.999100e-02 
1.997960e-02 1.999100e-02 
1.999100e-02 1.997770e-02 
1.998150e-02 1.998720e-02 
1.998720e-02 2.000060e-02 
1.999490e-02 1.997580e-02 
1.997200e-02 1.998150e-02 
1.997580e-02 1.996620e-02 
1.997200e-02 1.997580e-02 
1.997200e-02 1.996050e-02 
1.996620e-02 1.995480e-02 
1.995860e-02 1.995670e-02 
1.994140e-02 1.993760e-02 
1.993190e-02 1.993190e-02 
1.993380e-02 1.993190e-02 
1.991280e-02 1.990710e-02 
1.991090e-02 1.990710e-02 
1.989380e-02 1.989190e-02 
1.988610e-02 1.986900e-02 
1.985940e-02 1.984610e-02 
1.983850e-02 1.984040e-02 
1.982890e-02 1.981750e-02 
1.980030e-02 1.978310e-02 
1.977360e-02 1.976410e-02 
1.974880e-02 1.974690e-02 
1.971640e-02 1.970680e-02 
1.970110e-02 1.968590e-02 
1.966870e-02 1.964580e-02 
1.963820e-02 1.962290e-02 
1.960190e-02 1.959050e-02 
1.957140e-02 1.954090e-02 
1.952760e-02 1.951610e-02 
1.949510e-02 1.947030e-02 
1.944740e-02 1.943220e-02 
1.940930e-02 1.940170e-02 
1.936920e-02 1.936540e-02 
1.934250e-02 1.932160e-02 
1.930250e-02 1.928150e-02 
1.926620e-02 1.924720e-02 
1.922620e-02 1.919760e-02 
1.919000e-02 1.916710e-02 
1.914610e-02 1.912130e-02 
1.911560e-02 1.909840e-02 
1.907930e-02 1.905260e-02 
1.903740e-02 1.902970e-02 
1.900110e-02 1.899730e-02 
1.898590e-02 1.896300e-02 
1.894580e-02 1.893250e-02 
1.891340e-02 1.890960e-02 
1.890000e-02 1.887520e-02 
1.887140e-02 1.886190e-02 
1.884090e-02 1.882950e-02 
1.882950e-02 1.881040e-02 
1.881040e-02 1.879320e-02 
1.879130e-02 1.877990e-02 
1.877990e-02 1.876840e-02 
1.877420e-02 1.875890e-02 
1.875320e-02 1.875700e-02 
1.874360e-02 1.874940e-02 
1.873410e-02 1.874170e-02 
1.874550e-02 1.874360e-02 
1.873980e-02 1.874170e-02 
1.873410e-02 1.873030e-02 
1.873790e-02 1.873600e-02 
1.872840e-02 1.873030e-02 
1.874550e-02 1.873600e-02 
1.874550e-02 1.874170e-02 
1.874740e-02 1.874940e-02 
1.876270e-02 1.877220e-02 
1.876650e-02 1.877990e-02 
1.877420e-02 1.879320e-02 
1.878940e-02 1.880470e-02 
1.881230e-02 1.881990e-02 
1.881230e-02 1.883520e-02 
1.882760e-02 1.885040e-02 
1.884090e-02 1.886190e-02 
1.886760e-02 1.888290e-02 
1.889240e-02 1.889430e-02 
1.890000e-02 1.891340e-02 
1.892860e-02 1.893440e-02 
1.894010e-02 1.895730e-02 
1.895530e-02 1.897630e-02 
1.897820e-02 1.899160e-02 
1.899540e-02 1.901260e-02 
1.902400e-02 1.903550e-02 
1.903740e-02 1.905070e-02 
1.906220e-02 1.907360e-02 
1.909650e-02 1.910410e-02 
1.910980e-02 1.913080e-02 
1.913850e-02 1.914230e-02 
1.915940e-02 1.917090e-02 
1.917660e-02 1.919380e-02 
1.919950e-02 1.922430e-02 
1.923950e-02 1.925100e-02 
1.925290e-02 1.926620e-02 
1.928720e-02 1.930060e-02 
1.931200e-02 1.931200e-02 
1.932350e-02 1.934830e-02 
1.935590e-02 1.936920e-02 
1.937120e-02 1.938830e-02 
1.940930e-02 1.940550e-02 
1.941120e-02 1.941880e-02 
1.940930e-02 1.942270e-02 
1.941880e-02 1.942070e-02 
1.942270e-02 1.941690e-02 
1.943220e-02 1.941880e-02 
1.942270e-02 1.943410e-02 
1.943600e-02 1.942270e-02 
1.942460e-02 1.942270e-02 
1.943790e-02 1.943600e-02 
1.943600e-02 1.943980e-02 
1.943790e-02 1.942840e-02 
1.942840e-02 1.943030e-02 
1.942840e-02 1.942840e-02 
1.943410e-02 1.944360e-02 
1.944360e-02 1.943220e-02 
1.943790e-02 1.943410e-02 
1.944360e-02 1.944170e-02 
1.944170e-02 1.943600e-02 
1.944740e-02 1.944740e-02 
1.943600e-02 1.943980e-02 
1.944940e-02 1.943600e-02 
1.943600e-02 1.943600e-02 
1.944940e-02 1.943600e-02 
1.943980e-02 1.943600e-02 
1.944740e-02 1.943600e-02 
1.944360e-02 1.944740e-02 
1.943790e-02 1.944940e-02 
1.943980e-02 1.943980e-02 
1.944940e-02 1.945130e-02 
1.945130e-02 1.944740e-02 
1.943790e-02 1.945320e-02 
1.944550e-02 1.945510e-02 
1.944170e-02 1.943790e-02 
1.943980e-02 1.944940e-02 
1.945130e-02 1.945320e-02 
1.943980e-02 1.945510e-02 
1.945510e-02 1.944550e-02 
1.944940e-02 1.944740e-02 
1.945700e-02 1.944170e-02 
1.944170e-02 1.945130e-02 
1.944940e-02 1.945700e-02 
1.945890e-02 1.944940e-02 
1.944940e-02 1.945700e-02 
1.944940e-02 1.945510e-02 
1.945890e-02 1.944940e-02 
1.945130e-02 1.946080e-02 
1.945130e-02 1.944360e-02 
1.945130e-02 1.945700e-02 
1.944550e-02 1.945890e-02 
1.945510e-02 1.944740e-02 
1.946080e-02 1.944550e-02 
1.944550e-02 1.945320e-02 
1.946080e-02 1.944550e-02 
1.944550e-02 1.945130e-02 
1.946080e-02 1.945700e-02 
1.945320e-02 1.944740e-02 
1.945320e-02 1.945320e-02 
1.946080e-02 1.946080e-02 
1.945700e-02 1.944740e-02 
1.945700e-02 1.944740e-02 
1.945130e-02 1.945890e-02 
1.945320e-02 1.945320e-02 
1.945890e-02 1.944940e-02 
1.945510e-02 1.945700e-02 
1.946080e-02 1.946080e-02 
1.944940e-02 1.944740e-02 
1.945890e-02 1.945320e-02 
1.944940e-02 1.946080e-02 
1.946080e-02 1.944940e-02 
1.945510e-02 1.944740e-02 
1.946080e-02 1.945890e-02 
1.944940e-02 1.946080e-02 
1.946080e-02 1.946080e-02 
1.944740e-02 1.945510e-02 
1.944940e-02 1.946080e-02 
1.946080e-02 1.944940e-02 
1.946080e-02 1.944940e-02 
1.946080e-02 1.945320e-02 
1.944740e-02 1.944740e-02 
1.945130e-02 1.946080e-02 
1.945130e-02 1.944940e-02 
0 0 
0 0 
0 0 
0 1.907360e-06 
1.907360e-06 1.907360e-06 
3.814730e-06 3.814730e-06 
3.814730e-06 3.814730e-06 
3.814730e-06 3.814730e-06 
5.722080e-06 5.722080e-06 
5.722080e-06 7.629450e-06 
7.629450e-06 7.629450e-06 
9.536800e-06 7.629450e-06 
9.536800e-06 9.536800e-06 
1.144420e-05 1.144420e-05 
1.144420e-05 1.144420e-05 
1.144420e-05 1.144420e-05 
1.144420e-05 1.144420e-05 
1.335150e-05 1.335150e-05 
1.335150e-05 1.335150e-05 
1.335150e-05 1.525890e-05 
1.525890e-05 1.525890e-05 
1.525890e-05 1.525890e-05 
1.716630e-05 1.907360e-05 
1.907360e-05 1.907360e-05 
1.907360e-05 2.098100e-05 
2.098100e-05 2.098100e-05 
2.098100e-05 2.098100e-05 
2.098100e-05 2.098100e-05 
2.288830e-05 2.288830e-05 
2.288830e-05 2.288830e-05 
2.479560e-05 2.479560e-05 
2.479560e-05 2.479560e-05 
2.479560e-05 2.479560e-05 
2.479560e-05 2.670300e-05 
2.479560e-05 2.670300e-05 
2.670300e-05 2.861030e-05 
2.861030e-05 2.861030e-05 
3.051780e-05 2.861030e-05 
2.861030e-05 3.051780e-05 
3.242520e-05 3.242520e-05 
3.242520e-05 3.051780e-05 
3.051780e-05 3.242520e-05 
3.433250e-05 3.433250e-05 
3.433250e-05 3.433250e-05 
3.433250e-05 3.623990e-05 
3.623990e-05 3.623990e-05 
3.814720e-05 3.814720e-05 
3.814720e-05 3.814720e-05 
3.814720e-05 3.814720e-05 
3.814720e-05 4.005460e-05 
4.005460e-05 4.005460e-05 
4.005460e-05 4.005460e-05 
4.196190e-05 4.005460e-05 
4.196190e-05 4.196190e-05 
4.196190e-05 4.196190e-05 
4.196190e-05 4.386930e-05 
4.577660e-05 4.386930e-05 
4.577660e-05 4.768390e-05 
4.577660e-05 4.768390e-05 
4.577660e-05 4.577660e-05 
4.768390e-05 4.768390e-05 
4.959130e-05 4.959130e-05 
4.768390e-05 4.768390e-05 
4.768390e-05 4.959130e-05 
4.959130e-05 5.149860e-05 
5.149860e-05 5.149860e-05 
5.149860e-05 5.149860e-05 
5.149860e-05 5.149860e-05 
5.149860e-05 5.340600e-05 
5.149860e-05 5.531330e-05 
5.531330e-05 5.531330e-05 
5.340600e-05 5.531330e-05 
5.340600e-05 5.531330e-05 
5.340600e-05 5.722070e-05 
5.722070e-05 5.722070e-05 
5.722070e-05 5.722070e-05 
5.722070e-05 5.722070e-05 
5.912800e-05 6.103560e-05 
5.912800e-05 6.103560e-05 
6.103560e-05 6.103560e-05 
6.103560e-05 6.294300e-05 
6.103560e-05 6.103560e-05 
6.103560e-05 6.103560e-05 
6.103560e-05 6.294300e-05 
6.294300e-05 6.294300e-05 
6.485030e-05 6.485030e-05 
6.294300e-05 6.485030e-05 
6.485030e-05 6.485030e-05 
6.485030e-05 6.485030e-05 
6.485030e-05 6.675770e-05 
6.675770e-05 6.485030e-05 
6.866500e-05 6.675770e-05 
6.866500e-05 6.675770e-05 
6.866500e-05 6.675770e-05 
6.866500e-05 6.675770e-05 
7.057240e-05 6.866500e-05 
6.866500e-05 7.057240e-05 
7.057240e-05 7.247970e-05 
7.247970e-05 6.866500e-05 
7.057240e-05 7.057240e-05 
7.247970e-05 7.247970e-05 
7.247970e-05 7.247970e-05 
7.247970e-05 7.247970e-05 
7.438710e-05 7.629440e-05 
7.438710e-05 7.438710e-05 
7.629440e-05 7.438710e-05 
7.820180e-05 7.629440e-05 
7.629440e-05 7.438710e-05 
7.629440e-05 7.629440e-05 
7.629440e-05 7.820180e-05 
7.820180e-05 7.629440e-05 
7.820180e-05 7.820180e-05 
7.820180e-05 7.820180e-05 
7.820180e-05 7.820180e-05 
8.010910e-05 7.820180e-05 
7.820180e-05 8.010910e-05 
7.820180e-05 8.010910e-05 
7.820180e-05 7.820180e-05 
8.010910e-05 7.820180e-05 
8.010910e-05 8.201650e-05 
8.392380e-05 8.010910e-05 
8.201650e-05 8.201650e-05 
8.201650e-05 8.201650e-05 
8.583120e-05 8.583120e-05 
8.392380e-05 8.201650e-05 
8.583120e-05 8.773850e-05 
8.773850e-05 8.773850e-05 
8.964590e-05 8.773850e-05 
8.773850e-05 8.392380e-05 
8.583120e-05 8.773850e-05 
8.583120e-05 8.773850e-05 
8.964590e-05 9.155320e-05 
8.773850e-05 8.583120e-05 
8.773850e-05 8.583120e-05 
9.155320e-05 9.155320e-05 
9.155320e-05 9.155320e-05 
9.155320e-05 8.773850e-05 
9.155320e-05 9.155320e-05 
8.964590e-05 9.155320e-05 
9.155320e-05 8.964590e-05 
8.964590e-05 9.155320e-05 
9.155320e-05 9.346050e-05 
9.346050e-05 9.346050e-05 
8.964590e-05 9.155320e-05 
9.346050e-05 8.964590e-05 
9.155320e-05 9.155320e-05 
9.155320e-05 9.155320e-05 
9.155320e-05 9.536790e-05 
9.155320e-05 9.155320e-05 
9.536790e-05 9.536790e-05 
9.346050e-05 9.727520e-05 
9.346050e-05 9.346050e-05 
9.346050e-05 9.727520e-05 
9.727520e-05 9.536790e-05 
9.346050e-05 9.536790e-05 
9.536790e-05 9.536790e-05 
9.727520e-05 9.536790e-05 
9.918260e-05 9.918260e-05 
9.727520e-05 9.727520e-05 
9.727520e-05 9.536790e-05 
9.727520e-05 1.010900e-04 
1.010900e-04 1.010900e-04 
9.727520e-05 1.010900e-04 
1.010900e-04 9.727520e-05 
9.918260e-05 1.029970e-04 
9.727520e-05 9.727520e-05 
9.918260e-05 1.029970e-04 
1.010900e-04 1.010900e-04 
9.918260e-05 1.010900e-04 
1.029970e-04 9.918260e-05 
1.029970e-04 1.049050e-04 
9.918260e-05 1.029970e-04 
1.029970e-04 1.049050e-04 
9.918260e-05 9.918260e-05 
1.029970e-04 9.727520e-05 
9.918260e-05 1.049050e-04 
1.010900e-04 1.010900e-04 
1.010900e-04 1.029970e-04 
1.029970e-04 1.049050e-04 
1.010900e-04 1.010900e-04 
1.049050e-04 1.029970e-04 
9.918260e-05 9.918260e-05 
1.010900e-04 1.029970e-04 
1.049050e-04 1.029970e-04 
1.068120e-04 1.087190e-04 
1.049050e-04 1.049050e-04 
1.049050e-04 1.049050e-04 
1.049050e-04 1.049050e-04 
1.049050e-04 1.010900e-04 
1.068120e-04 1.049050e-04 
1.049050e-04 1.049050e-04 
1.049050e-04 1.106270e-04 
1.068120e-04 1.068120e-04 
1.087190e-04 1.087190e-04 
1.049050e-04 1.125340e-04 
1.106270e-04 1.068120e-04 
1.049050e-04 1.106270e-04 
1.125340e-04 1.049050e-04 
1.068120e-04 1.087190e-04 
1.125340e-04 1.106270e-04 
1.106270e-04 1.068120e-04 
1.125340e-04 1.049050e-04 
1.125340e-04 1.125340e-04 
1.068120e-04 1.106270e-04 
1.087190e-04 1.029970e-04 
1.068120e-04 1.049050e-04 
1.106270e-04 1.106270e-04 
1.049050e-04 1.087190e-04 
1.144410e-04 1.049050e-04 
1.049050e-04 1.068120e-04 
1.087190e-04 1.068120e-04 
1.087190e-04 1.125340e-04 
1.106270e-04 1.087190e-04 
1.106270e-04 1.087190e-04 
1.068120e-04 1.106270e-04 
1.106270e-04 1.068120e-04 
1.068120e-04 1.125340e-04 
1.106270e-04 1.106270e-04 
1.068120e-04 1.106270e-04 
1.068120e-04 1.106270e-04 
1.049050e-04 1.049050e-04 
1.087190e-04 1.087190e-04 
1.106270e-04 1.068120e-04 
1.049050e-04 1.087190e-04 
1.125340e-04 1.087190e-04 
1.049050e-04 1.068120e-04 
1.068120e-04 1.049050e-04 
1.049050e-04 1.049050e-04 
1.049050e-04 1.049050e-04 
1.087190e-04 1.049050e-04 
1.106270e-04 1.049050e-04 
1.068120e-04 1.087190e-04 
1.068120e-04 1.087190e-04 
1.068120e-04 1.049050e-04 
1.049050e-04 1.087190e-04 
1.068120e-04 1.049050e-04 
1.049050e-04 1.049050e-04 
1.049050e-04 1.010900e-04 
1.049050e-04 1.068120e-04 
1.087190e-04 1.049050e-04 
1.068120e-04 1.049050e-04 
1.049050e-04 1.068120e-04 
1.049050e-04 1.049050e-04 
1.029970e-04 1.010900e-04 
1.068120e-04 1.087190e-04 
1.068120e-04 1.029970e-04 
1.049050e-04 1.068120e-04 
1.068120e-04 1.049050e-04 
1.049050e-04 1.029970e-04 
1.049050e-04 1.029970e-04 
1.010900e-04 1.029970e-04 
1.068120e-04 1.049050e-04 
1.029970e-04 1.029970e-04 
1.029970e-04 1.049050e-04 
1.068120e-04 1.068120e-04 
1.087190e-04 1.049050e-04 
1.029970e-04 1.029970e-04 
1.010900e-04 9.918260e-05 
1.049050e-04 1.010900e-04 
1.029970e-04 9.918260e-05 
1.049050e-04 9.918260e-05 
1.049050e-04 9.918260e-05 
1.049050e-04 1.010900e-04 
1.010900e-04 1.010900e-04 
9.918260e-05 1.029970e-04 
1.049050e-04 1.010900e-04 
9.918260e-05 1.049050e-04 
1.049050e-04 1.010900e-04 
9.918260e-05 1.049050e-04 
1.049050e-04 9.918260e-05 
9.918260e-05 1.010900e-04 
9.918260e-05 1.049050e-04 
1.029970e-04 9.727520e-05 
1.029970e-04 9.727520e-05 
1.010900e-04 1.029970e-04 
1.029970e-04 9.918260e-05 
9.918260e-05 1.049050e-04 
1.049050e-04 1.029970e-04 
1.049050e-04 1.029970e-04 
9.727520e-05 1.029970e-04 
1.010900e-04 1.049050e-04 
9.918260e-05 1.010900e-04 
1.049050e-04 1.049050e-04 
9.918260e-05 1.029970e-04 
1.049050e-04 9.727520e-05 
1.049050e-04 1.049050e-04 
1.010900e-04 1.068120e-04 
1.087190e-04 9.918260e-05 
9.918260e-05 1.049050e-04 
1.010900e-04 1.049050e-04 
1.087190e-04 1.068120e-04 
9.918260e-05 1.087190e-04 
1.087190e-04 1.010900e-04 
1.010900e-04 1.049050e-04 
1.029970e-04 1.029970e-04 
1.049050e-04 1.068120e-04 
1.010900e-04 1.049050e-04 
1.029970e-04 1.068120e-04 
1.029970e-04 1.068120e-04 
1.010900e-04 1.068120e-04 
1.049050e-04 1.087190e-04 
1.049050e-04 1.125340e-04 
1.068120e-04 1.125340e-04 
1.125340e-04 1.125340e-04 
1.049050e-04 1.125340e-04 
1.068120e-04 1.125340e-04 
1.049050e-04 1.068120e-04 
1.068120e-04 1.049050e-04 
1.068120e-04 1.087190e-04 
1.029970e-04 1.049050e-04 
1.144410e-04 1.125340e-04 
1.144410e-04 1.144410e-04 
1.010900e-04 1.049050e-04 
1.087190e-04 1.049050e-04 
1.125340e-04 1.010900e-04 
1.068120e-04 1.068120e-04 
1.125340e-04 1.087190e-04 
1.010900e-04 1.049050e-04 
1.049050e-04 1.106270e-04 
1.029970e-04 1.049050e-04 
1.068120e-04 1.049050e-04 
1.068120e-04 1.029970e-04 
1.068120e-04 1.049050e-04 
9.727520e-05 1.010900e-04 
1.029970e-04 1.049050e-04 
1.049050e-04 1.029970e-04 
9.918260e-05 1.049050e-04 
1.029970e-04 1.010900e-04 
9.918260e-05 9.918260e-05 
9.536790e-05 1.029970e-04 
9.536790e-05 9.155320e-05 
9.155320e-05 1.029970e-04 
1.029970e-04 9.536790e-05 
9.918260e-05 1.029970e-04 
9.918260e-05 9.155320e-05 
9.727520e-05 8.964590e-05 
9.727520e-05 9.536790e-05 
9.727520e-05 8.773850e-05 
9.727520e-05 8.773850e-05 
9.155320e-05 8.583120e-05 
9.155320e-05 9.346050e-05 
9.155320e-05 9.346050e-05 
8.773850e-05 8.964590e-05 
9.155320e-05 8.964590e-05 
8.392380e-05 9.346050e-05 
8.201650e-05 8.583120e-05 
8.964590e-05 9.346050e-05 
9.155320e-05 9.155320e-05 
8.964590e-05 8.201650e-05 
8.010910e-05 7.820180e-05 
8.773850e-05 8.392380e-05 
8.010910e-05 9.155320e-05 
8.010910e-05 8.010910e-05 
8.583120e-05 7.820180e-05 
7.438710e-05 7.629440e-05 
7.629440e-05 7.820180e-05 
7.820180e-05 7.820180e-05 
8.201650e-05 8.010910e-05 
7.820180e-05 7.438710e-05 
7.820180e-05 7.820180e-05 
8.010910e-05 7.438710e-05 
8.010910e-05 7.820180e-05 
7.438710e-05 7.247970e-05 
7.057240e-05 7.057240e-05 
7.247970e-05 7.438710e-05 
7.057240e-05 7.820180e-05 
7.820180e-05 7.820180e-05 
6.866500e-05 7.629440e-05 
8.010910e-05 7.820180e-05 
7.057240e-05 6.866500e-05 
6.485030e-05 6.675770e-05 
7.057240e-05 6.675770e-05 
6.485030e-05 6.675770e-05 
7.057240e-05 7.247970e-05 
7.247970e-05 6.866500e-05 
7.057240e-05 7.057240e-05 
6.485030e-05 6.866500e-05 
6.103560e-05 6.103560e-05 
6.103560e-05 6.485030e-05 
6.103560e-05 6.675770e-05 
7.057240e-05 6.675770e-05 
6.485030e-05 6.103560e-05 
5.722070e-05 6.485030e-05 
6.294300e-05 6.485030e-05 
7.057240e-05 6.675770e-05 
6.485030e-05 6.485030e-05 
5.722070e-05 5.531330e-05 
6.485030e-05 6.103560e-05 
6.103560e-05 6.675770e-05 
5.340600e-05 5.531330e-05 
6.485030e-05 6.103560e-05 
6.103560e-05 6.866500e-05 
6.294300e-05 5.531330e-05 
5.912800e-05 5.722070e-05 
5.722070e-05 6.485030e-05 
5.912800e-05 6.485030e-05 
6.103560e-05 6.485030e-05 
5.340600e-05 5.340600e-05 
5.149860e-05 5.149860e-05 
5.340600e-05 5.149860e-05 
4.959130e-05 4.959130e-05 
4.959130e-05 5.340600e-05 
5.722070e-05 5.531330e-05 
5.531330e-05 5.722070e-05 
5.722070e-05 5.531330e-05 
5.149860e-05 5.149860e-05 
5.531330e-05 4.768390e-05 
4.959130e-05 4.959130e-05 
4.386930e-05 4.768390e-05 
5.149860e-05 4.959130e-05 
5.149860e-05 5.149860e-05 
5.531330e-05 4.577660e-05 
4.768390e-05 4.196190e-05 
4.005460e-05 5.149860e-05 
5.149860e-05 4.959130e-05 
4.577660e-05 4.196190e-05 
4.005460e-05 4.196190e-05 
5.149860e-05 5.149860e-05 
3.623990e-05 4.768390e-05 
4.005460e-05 3.623990e-05 
4.005460e-05 4.768390e-05 
3.814720e-05 4.196190e-05 
3.814720e-05 3.623990e-05 
3.814720e-05 4.577660e-05 
4.196190e-05 3.814720e-05 
4.386930e-05 4.196190e-05 
4.386930e-05 4.386930e-05 
3.814720e-05 3.623990e-05 
3.433250e-05 4.196190e-05 
4.005460e-05 3.433250e-05 
3.433250e-05 4.386930e-05 
3.814720e-05 4.005460e-05 
3.623990e-05 3.623990e-05 
3.051780e-05 3.623990e-05 
4.005460e-05 4.005460e-05 
3.051780e-05 4.005460e-05 
3.433250e-05 3.051780e-05 
3.814720e-05 3.433250e-05 
3.814720e-05 2.479560e-05 
3.814720e-05 3.242520e-05 
2.479560e-05 3.242520e-05 
3.051780e-05 2.670300e-05 
3.433250e-05 3.433250e-05 
2.479560e-05 3.051780e-05 
3.433250e-05 2.479560e-05 
3.051780e-05 2.479560e-05 
2.670300e-05 3.051780e-05 
2.479560e-05 2.479560e-05 
3.051780e-05 2.479560e-05 
3.433250e-05 3.433250e-05 
2.861030e-05 2.098100e-05 
2.098100e-05 2.098100e-05 
2.479560e-05 2.479560e-05 
3.051780e-05 2.098100e-05 
1.907360e-05 2.288830e-05 
2.479560e-05 2.670300e-05 
1.716630e-05 2.479560e-05 
1.335150e-05 2.670300e-05 
2.098100e-05 2.479560e-05 
1.525890e-05 1.525890e-05 
1.525890e-05 1.716630e-05 
1.907360e-05 1.144420e-05 
9.536800e-06 1.525890e-05 
1.335150e-05 1.144420e-05 
2.098100e-05 1.144420e-05 
2.288830e-05 1.335150e-05 
5.722080e-06 1.335150e-05 
7.629450e-06 9.536800e-06 
1.525890e-05 1.144420e-05 
1.144420e-05 9.536800e-06 
5.722080e-06 1.907360e-05 
1.907360e-05 1.144420e-05 
1.335150e-05 1.525890e-05 
1.144420e-05 1.716630e-05 
3.814730e-06 1.144420e-05 
9.536800e-06 1.144420e-05 
0 0 
0 5.722080e-06 
-7.629450e-06 -9.536800e-06 
-7.629450e-06 7.629450e-06 
3.814730e-06 -1.907360e-06 
1.907360e-06 -5.722080e-06 
-9.536800e-06 -1.907360e-06 
1.907360e-06 0 
-1.907360e-06 -3.814730e-06 
0 -1.907360e-06 
0 -7.629450e-06 
5.722080e-06 -1.907360e-06 
-1.335150e-05 -1.907360e-06 
0 -1.907360e-06 
0 -1.907360e-06 
0 -5.722080e-06 
-5.722080e-06 -1.144420e-05 
-1.335150e-05 -7.629450e-06 
-7.629450e-06 -1.716630e-05 
-1.907360e-05 -2.098100e-05 
-2.098100e-05 -7.629450e-06 
-1.525890e-05 -9.536800e-06 
-1.335150e-05 -1.907360e-05 
-1.907360e-05 -9.536800e-06 
-1.144420e-05 -1.335150e-05 
-2.288830e-05 -1.525890e-05 
-1.335150e-05 -2.098100e-05 
-1.907360e-05 -1.335150e-05 
-1.335150e-05 -1.716630e-05 
-1.335150e-05 -2.861030e-05 
-1.716630e-05 -2.288830e-05 
-2.670300e-05 -2.670300e-05 
-2.479560e-05 -1.716630e-05 
-1.335150e-05 -2.479560e-05 
-3.623990e-05 -3.433250e-05 
-2.479560e-05 -3.433250e-05 
-1.907360e-05 -3.433250e-05 
-2.861030e-05 -1.525890e-05 
-3.242520e-05 -2.288830e-05 
-2.670300e-05 -4.005460e-05 
-4.386930e-05 -4.768390e-05 
-1.907360e-05 -1.144420e-05 
-1.716630e-05 -2.670300e-05 
-2.098100e-05 -2.479560e-05 
-4.005460e-05 -4.577660e-05 
-4.768390e-05 -3.051780e-05 
-4.577660e-05 -4.005460e-05 
-4.768390e-05 -4.577660e-05 
-3.623990e-05 -3.623990e-05 
-4.005460e-05 -4.196190e-05 
-4.768390e-05 -4.959130e-05 
-4.577660e-05 -4.577660e-05 
-4.386930e-05 -5.912800e-05 
-5.531330e-05 -3.623990e-05 
-4.005460e-05 -4.196190e-05 
-4.959130e-05 -4.959130e-05 
-4.577660e-05 -4.005460e-05 
-5.340600e-05 -4.959130e-05 
-4.386930e-05 -4.959130e-05 
-4.959130e-05 -5.340600e-05 
-4.959130e-05 -5.149860e-05 
-6.294300e-05 -5.340600e-05 
-4.768390e-05 -6.103560e-05 
-4.768390e-05 -6.485030e-05 
-5.722070e-05 -5.149860e-05 
-5.531330e-05 -5.531330e-05 
-6.675770e-05 -5.912800e-05 
-6.675770e-05 -5.531330e-05 
-5.340600e-05 -6.103560e-05 
-5.531330e-05 -6.294300e-05 
-5.912800e-05 -5.531330e-05 
-6.675770e-05 -6.675770e-05 
-7.057240e-05 -6.485030e-05 
-7.247970e-05 -7.629440e-05 
-7.247970e-05 -7.629440e-05 
-8.010910e-05 -7.820180e-05 
-7.057240e-05 -7.438710e-05 
-8.010910e-05 -7.247970e-05 
-6.675770e-05 -8.010910e-05 
-6.866500e-05 -8.010910e-05 
-7.820180e-05 -8.010910e-05 
-7.820180e-05 -7.438710e-05 
-8.583120e-05 -8.773850e-05 
-8.392380e-05 -8.583120e-05 
-7.438710e-05 -9.346050e-05 
-8.583120e-05 -7.629440e-05 
-8.583120e-05 -7.438710e-05 
-8.773850e-05 -8.583120e-05 
-8.392380e-05 -8.010910e-05 
-8.392380e-05 -8.201650e-05 
-9.346050e-05 -8.964590e-05 
-9.155320e-05 -9.727520e-05 
-8.964590e-05 -9.346050e-05 
-8.392380e-05 -8.583120e-05 
-9.155320e-05 -1.049050e-04 
-1.010900e-04 -9.918260e-05 
-8.201650e-05 -9.727520e-05 
-9.727520e-05 -8.583120e-05 
-1.068120e-04 -9.346050e-05 
-1.029970e-04 -1.087190e-04 
-9.918260e-05 -9.155320e-05 
-9.346050e-05 -1.049050e-04 
-9.727520e-05 -9.918260e-05 
-8.964590e-05 -1.029970e-04 
-1.068120e-04 -8.773850e-05 
-8.964590e-05 -9.346050e-05 
-9.346050e-05 -1.106270e-04 
-1.106270e-04 -9.918260e-05 
-9.155320e-05 -9.918260e-05 
-9.346050e-05 -9.536790e-05 
-1.029970e-04 -9.346050e-05 
-1.049050e-04 -9.346050e-05 
-1.049050e-04 -9.536790e-05 
-1.010900e-04 -1.125340e-04 
-8.964590e-05 -1.049050e-04 
-9.536790e-05 -9.155320e-05 
-9.346050e-05 -1.010900e-04 
-1.087190e-04 -9.155320e-05 
-1.068120e-04 -1.049050e-04 
-8.773850e-05 -9.346050e-05 
-9.346050e-05 -1.125340e-04 
-1.068120e-04 -9.346050e-05 
-8.773850e-05 -9.346050e-05 
-9.727520e-05 -8.964590e-05 
-1.029970e-04 -1.068120e-04 
-1.010900e-04 -1.087190e-04 
-9.727520e-05 -9.346050e-05 
-9.346050e-05 -1.068120e-04 
-1.010900e-04 -9.155320e-05 
-9.727520e-05 -1.068120e-04 
-1.068120e-04 -1.029970e-04 
-9.918260e-05 -1.087190e-04 
-1.029970e-04 -1.010900e-04 
-1.087190e-04 -1.068120e-04 
-1.068120e-04 -1.010900e-04 
-1.106270e-04 -1.125340e-04 
-9.346050e-05 -1.029970e-04 
-1.068120e-04 -1.049050e-04 
-9.918260e-05 -1.068120e-04 
-1.144410e-04 -1.144410e-04 
-1.087190e-04 -1.049050e-04 
-1.201630e-04 -9.727520e-05 
-1.163490e-04 -1.049050e-04 
-1.106270e-04 -1.068120e-04 
-9.918260e-05 -1.029970e-04 
-1.239790e-04 -1.125340e-04 
-1.201630e-04 -1.068120e-04 
-1.087190e-04 -1.029970e-04 
-1.163490e-04 -1.087190e-04 
-1.182560e-04 -1.029970e-04 
-1.144410e-04 -1.106270e-04 
-1.029970e-04 -1.144410e-04 
-9.918260e-05 -1.049050e-04 
-1.163490e-04 -1.201630e-04 
-1.068120e-04 -1.201630e-04 
-1.163490e-04 -1.029970e-04 
-1.182560e-04 -1.087190e-04 
-9.918260e-05 -1.182560e-04 
-1.106270e-04 -1.087190e-04 
-1.049050e-04 -1.297010e-04 
-1.087190e-04 -1.068120e-04 
-1.220710e-04 -1.068120e-04 
-1.068120e-04 -1.049050e-04 
-1.220710e-04 -1.049050e-04 
-1.106270e-04 -1.087190e-04 
-1.087190e-04 -1.239790e-04 
-1.144410e-04 -1.029970e-04 
-1.182560e-04 -1.144410e-04 
-1.201630e-04 -1.106270e-04 
-1.106270e-04 -1.068120e-04 
-1.201630e-04 -1.163490e-04 
-1.201630e-04 -1.144410e-04 
-1.068120e-04 -1.106270e-04 
-1.068120e-04 -4.959130e-05 
-1.068120e-04 -1.029970e-04 
-1.106270e-04 -1.087190e-04 
-1.087190e-04 -1.106270e-04 
-1.182560e-04 -1.106270e-04 
-1.220710e-04 -1.220710e-04 
-1.258860e-04 -1.144410e-04 
-1.258860e-04 -1.239790e-04 
-1.201630e-04 -1.277930e-04 
-1.087190e-04 -1.201630e-04 
-1.335150e-04 -1.125340e-04 
-1.354230e-04 -1.163490e-04 
-1.163490e-04 -1.258860e-04 
-1.087190e-04 -1.125340e-04 
-1.087190e-04 -1.182560e-04 
-1.258860e-04 -1.239790e-04 
-1.144410e-04 -1.277930e-04 
-1.354230e-04 -1.201630e-04 
-1.335150e-04 -1.163490e-04 
-1.220710e-04 -1.182560e-04 
-1.182560e-04 -1.239790e-04 
-1.316080e-04 -1.258860e-04 
-1.220710e-04 -1.335150e-04 
-1.220710e-04 -1.335150e-04 
-1.239790e-04 -1.373300e-04 
-1.335150e-04 -1.392370e-04 
-1.392370e-04 -1.335150e-04 
-1.392370e-04 -1.335150e-04 
-1.258860e-04 -1.354230e-04 
-1.430520e-04 -1.468670e-04 
-1.468670e-04 -1.468670e-04 
-1.373300e-04 -1.525890e-04 
-1.487740e-04 -1.354230e-04 
-1.487740e-04 -1.544960e-04 
-1.411450e-04 -1.525890e-04 
-1.487740e-04 -1.602180e-04 
-1.564040e-04 -1.564040e-04 
-1.430520e-04 -1.564040e-04 
-1.525890e-04 -1.640330e-04 
-1.602180e-04 -1.487740e-04 
-1.506810e-04 -1.602180e-04 
-1.697550e-04 -1.640330e-04 
-1.525890e-04 -1.602180e-04 
-1.659400e-04 -1.716620e-04 
-1.640330e-04 -1.811990e-04 
-1.659400e-04 -1.659400e-04 
-1.811990e-04 -1.754770e-04 
-1.850140e-04 -1.792920e-04 
-1.773840e-04 -1.754770e-04 
-1.831060e-04 -1.907360e-04 
-1.754770e-04 -1.716620e-04 
-1.869210e-04 -1.773840e-04 
-1.907360e-04 -1.773840e-04 
-1.888280e-04 -1.811990e-04 
-1.831060e-04 -1.850140e-04 
-1.983650e-04 -1.888280e-04 
-1.850140e-04 -1.945500e-04 
-1.888280e-04 -1.850140e-04 
-1.907360e-04 -1.850140e-04 
-1.888280e-04 -1.888280e-04 
-1.983650e-04 -1.945500e-04 
-1.983650e-04 -1.869210e-04 
-2.079020e-04 -1.964580e-04 
-2.079020e-04 -1.945500e-04 
-2.021800e-04 -2.059950e-04 
-2.136240e-04 -2.040870e-04 
-2.212530e-04 -2.384200e-04 
-2.231610e-04 -2.193460e-04 
-2.117170e-04 -2.136240e-04 
-1.983650e-04 -2.117170e-04 
-2.174390e-04 -2.155310e-04 
-2.174390e-04 -2.212530e-04 
-2.155310e-04 -1.983650e-04 
-2.193460e-04 -2.117170e-04 
-2.250680e-04 -2.059950e-04 
-2.193460e-04 -2.250680e-04 
-2.155310e-04 -2.231610e-04 
-2.174390e-04 -2.174390e-04 
-2.193460e-04 -2.212530e-04 
-2.384200e-04 -2.212530e-04 
-2.212530e-04 -2.250680e-04 
-2.365120e-04 -2.193460e-04 
-2.155310e-04 -2.212530e-04 
-2.269750e-04 -2.193460e-04 
-2.250680e-04 -2.174390e-04 
-2.269750e-04 -2.212530e-04 
-2.193460e-04 -2.231610e-04 
-2.174390e-04 -2.174390e-04 
-2.136240e-04 -2.117170e-04 
-1.850140e-04 -1.964580e-04 
-1.811990e-04 -1.850140e-04 
-1.869210e-04 -1.850140e-04 
-1.888280e-04 -1.735700e-04 
-1.773840e-04 -1.831060e-04 
-1.850140e-04 -1.888280e-04 
-1.792920e-04 -1.792920e-04 
-1.850140e-04 -1.716620e-04 
-1.850140e-04 -1.869210e-04 
-1.869210e-04 -1.850140e-04 
-1.716620e-04 -1.716620e-04 
-1.735700e-04 -1.850140e-04 
-1.716620e-04 -1.735700e-04 
-1.792920e-04 -1.792920e-04 
-1.716620e-04 -1.850140e-04 
-1.888280e-04 -1.792920e-04 
-1.773840e-04 -1.811990e-04 
-1.869210e-04 -1.811990e-04 
-1.811990e-04 -1.850140e-04 
-1.831060e-04 -1.735700e-04 
-1.926430e-04 -1.754770e-04 
-1.850140e-04 -1.888280e-04 
-1.735700e-04 -1.697550e-04 
-1.716620e-04 -1.697550e-04 
-1.811990e-04 -1.888280e-04 
-1.850140e-04 -1.792920e-04 
-1.831060e-04 -1.850140e-04 
-1.811990e-04 -1.926430e-04 
-1.792920e-04 -1.811990e-04 
-1.869210e-04 -1.792920e-04 
-1.754770e-04 -1.811990e-04 
-1.659400e-04 -1.850140e-04 
-1.754770e-04 -1.850140e-04 
-1.869210e-04 -1.716620e-04 
-1.773840e-04 -1.735700e-04 
-1.850140e-04 -1.869210e-04 
-1.773840e-04 -1.831060e-04 
-1.850140e-04 -1.716620e-04 
-1.716620e-04 -1.792920e-04 
-1.888280e-04 -1.697550e-04 
-1.735700e-04 -1.735700e-04 
-1.678480e-04 -1.678480e-04 
-1.850140e-04 -1.716620e-04 
-1.888280e-04 -1.926430e-04 
-1.754770e-04 -1.907360e-04 
-1.735700e-04 -1.716620e-04 
-1.735700e-04 -1.888280e-04 
-1.907360e-04 -1.869210e-04 
-1.945500e-04 -1.811990e-04 
-1.831060e-04 -1.831060e-04 
-1.850140e-04 -1.869210e-04 
-1.831060e-04 -1.773840e-04 
-1.831060e-04 -1.869210e-04 
-1.907360e-04 -1.754770e-04 
-1.850140e-04 -1.869210e-04 
-1.888280e-04 -1.850140e-04 
-1.735700e-04 -1.888280e-04 
-1.869210e-04 -1.735700e-04 
-1.926430e-04 -1.754770e-04 
-1.850140e-04 -1.888280e-04 
-1.850140e-04 -1.869210e-04 
-1.869210e-04 -1.735700e-04 
-1.716620e-04 -1.850140e-04 
-1.850140e-04 -1.869210e-04 
-1.850140e-04 -1.716620e-04 
-1.792920e-04 -1.754770e-04 
-1.678480e-04 -1.792920e-04 
-1.754770e-04 -1.964580e-04 
-1.850140e-04 -1.811990e-04 
-1.735700e-04 -1.831060e-04 
-1.754770e-04 -1.850140e-04 
-1.773840e-04 -1.716620e-04 
-1.907360e-04 -1.888280e-04 
-1.811990e-04 -1.678480e-04 
-1.811990e-04 -1.850140e-04 
