3.051780e-05 6.866500e-05 
8.392380e-05 9.918260e-05 
1.144410e-04 1.449590e-04 
1.525890e-04 1.754770e-04 
1.831060e-04 2.059950e-04 
2.212530e-04 2.517720e-04 
2.594010e-04 2.822890e-04 
2.975480e-04 3.204360e-04 
3.280660e-04 3.585830e-04 
3.662130e-04 3.967300e-04 
4.119890e-04 4.272480e-04 
4.501360e-04 4.730240e-04 
4.882850e-04 5.111730e-04 
5.264320e-04 5.416910e-04 
5.722080e-04 5.874670e-04 
6.103550e-04 6.332430e-04 
6.485020e-04 6.713900e-04 
6.866490e-04 7.019080e-04 
7.324260e-04 7.400550e-04 
7.705730e-04 7.858310e-04 
8.087200e-04 8.239780e-04 
8.468670e-04 8.621250e-04 
8.926430e-04 9.002720e-04 
9.307900e-04 9.460490e-04 
9.689370e-04 9.841990e-04 
1.007090e-03 1.022350e-03 
1.052860e-03 1.060490e-03 
1.083380e-03 1.106270e-03 
1.121530e-03 1.144420e-03 
1.159680e-03 1.182560e-03 
1.197820e-03 1.220710e-03 
1.235970e-03 1.266490e-03 
1.274120e-03 1.304630e-03 
1.319890e-03 1.342780e-03 
1.358040e-03 1.380930e-03 
1.396190e-03 1.419070e-03 
1.434330e-03 1.457220e-03 
1.472480e-03 1.495370e-03 
1.518260e-03 1.533520e-03 
1.556400e-03 1.571660e-03 
1.594550e-03 1.609810e-03 
1.632700e-03 1.647960e-03 
1.670840e-03 1.686100e-03 
1.708990e-03 1.731880e-03 
1.747140e-03 1.770030e-03 
1.792920e-03 1.808170e-03 
1.823430e-03 1.846320e-03 
1.861580e-03 1.884470e-03 
1.899730e-03 1.922610e-03 
1.945500e-03 1.960770e-03 
1.976030e-03 2.006550e-03 
2.014180e-03 2.037060e-03 
2.052320e-03 2.075210e-03 
2.098100e-03 2.113360e-03 
2.136250e-03 2.151500e-03 
2.166760e-03 2.189650e-03 
2.212540e-03 2.227800e-03 
2.250690e-03 2.265950e-03 
2.288830e-03 2.304090e-03 
2.319350e-03 2.342240e-03 
2.365130e-03 2.380390e-03 
2.403270e-03 2.426160e-03 
2.433790e-03 2.456680e-03 
2.479570e-03 2.494830e-03 
2.517720e-03 2.532970e-03 
2.548230e-03 2.571120e-03 
2.586380e-03 2.609270e-03 
2.632160e-03 2.639790e-03 
2.662670e-03 2.685560e-03 
2.700820e-03 2.723710e-03 
2.738970e-03 2.754230e-03 
2.777110e-03 2.792370e-03 
2.815260e-03 2.830520e-03 
2.845780e-03 2.868670e-03 
2.891560e-03 2.906810e-03 
2.922070e-03 2.944960e-03 
2.960220e-03 2.983110e-03 
3.006000e-03 3.013630e-03 
3.036510e-03 3.059400e-03 
3.074660e-03 3.089920e-03 
3.112810e-03 3.128070e-03 
3.150950e-03 3.166210e-03 
3.181470e-03 3.204360e-03 
3.219620e-03 3.242510e-03 
3.257770e-03 3.273030e-03 
3.295910e-03 3.318800e-03 
3.334060e-03 3.349320e-03 
3.372210e-03 3.387470e-03 
3.410350e-03 3.425610e-03 
3.440870e-03 3.463760e-03 
3.479020e-03 3.501910e-03 
3.517170e-03 3.532420e-03 
3.555310e-03 3.578200e-03 
3.585830e-03 3.608720e-03 
3.631610e-03 3.646870e-03 
3.669750e-03 3.685010e-03 
3.700270e-03 3.723160e-03 
3.746050e-03 3.761310e-03 
3.784190e-03 3.799450e-03 
3.814710e-03 3.837600e-03 
3.852860e-03 3.868120e-03 
3.891010e-03 3.906280e-03 
3.921540e-03 3.936800e-03 
3.959690e-03 3.967310e-03 
3.990200e-03 4.005460e-03 
4.020720e-03 4.043610e-03 
4.058870e-03 4.074130e-03 
4.089390e-03 4.112270e-03 
4.127530e-03 4.142790e-03 
4.165680e-03 4.180940e-03 
4.203830e-03 4.219080e-03 
4.241970e-03 4.257230e-03 
4.280120e-03 4.303010e-03 
4.318270e-03 4.333530e-03 
4.356410e-03 4.371670e-03 
4.386930e-03 4.409820e-03 
4.432710e-03 4.447970e-03 
4.470850e-03 4.486110e-03 
4.501370e-03 4.524260e-03 
4.539520e-03 4.554780e-03 
4.577670e-03 4.592930e-03 
4.608180e-03 4.623440e-03 
4.646330e-03 4.653960e-03 
4.669220e-03 4.692110e-03 
4.699740e-03 4.722630e-03 
4.737880e-03 4.753140e-03 
4.768400e-03 4.783660e-03 
4.798920e-03 4.814180e-03 
4.829440e-03 4.852320e-03 
4.859950e-03 4.875210e-03 
4.898100e-03 4.913360e-03 
4.928620e-03 4.943880e-03 
4.959140e-03 4.982020e-03 
4.997280e-03 5.012540e-03 
5.035430e-03 5.058320e-03 
5.065950e-03 5.088840e-03 
5.111720e-03 5.126980e-03 
5.149870e-03 5.165130e-03 
5.188020e-03 5.203280e-03 
5.226170e-03 5.249050e-03 
5.271940e-03 5.287200e-03 
5.310090e-03 5.325350e-03 
5.348240e-03 5.371120e-03 
5.386380e-03 5.409270e-03 
5.424530e-03 5.447420e-03 
5.462680e-03 5.485560e-03 
5.508450e-03 5.523710e-03 
5.538970e-03 5.561860e-03 
5.577120e-03 5.592380e-03 
5.615260e-03 5.638150e-03 
5.645780e-03 5.661040e-03 
5.683930e-03 5.699190e-03 
5.706820e-03 5.722080e-03 
5.744960e-03 5.752590e-03 
5.767850e-03 5.783110e-03 
5.798370e-03 5.806000e-03 
5.813630e-03 5.836520e-03 
5.851780e-03 5.859400e-03 
5.874660e-03 5.882290e-03 
5.897550e-03 5.912810e-03 
5.920440e-03 5.935700e-03 
5.950960e-03 5.966220e-03 
5.981480e-03 5.989100e-03 
6.011990e-03 6.019620e-03 
6.034880e-03 6.050140e-03 
6.065400e-03 6.080660e-03 
6.095920e-03 6.118800e-03 
6.126430e-03 6.141690e-03 
6.156950e-03 6.172210e-03 
6.187470e-03 6.210360e-03 
6.225620e-03 6.248500e-03 
6.263760e-03 6.279020e-03 
6.294280e-03 6.309540e-03 
6.332430e-03 6.347690e-03 
6.370570e-03 6.385830e-03 
6.401090e-03 6.423980e-03 
6.439240e-03 6.462130e-03 
6.477390e-03 6.500270e-03 
6.515530e-03 6.538420e-03 
6.553680e-03 6.576570e-03 
6.599460e-03 6.614710e-03 
6.637600e-03 6.652860e-03 
6.675750e-03 6.698640e-03 
6.713900e-03 6.744410e-03 
6.759670e-03 6.774930e-03 
6.805450e-03 6.820710e-03 
6.851230e-03 6.866480e-03 
6.889370e-03 6.912260e-03 
6.935150e-03 6.958040e-03 
6.973300e-03 6.996180e-03 
7.019070e-03 7.041960e-03 
7.064850e-03 7.087740e-03 
7.118250e-03 7.133510e-03 
7.148770e-03 7.171660e-03 
7.194550e-03 7.217440e-03 
7.240330e-03 7.255580e-03 
7.278470e-03 7.293730e-03 
7.324250e-03 7.339510e-03 
7.354770e-03 7.377650e-03 
7.392910e-03 7.408170e-03 
7.423430e-03 7.438690e-03 
7.446320e-03 7.461580e-03 
7.476840e-03 7.492100e-03 
7.499720e-03 7.507350e-03 
7.522610e-03 7.530240e-03 
7.537870e-03 7.545500e-03 
7.553130e-03 7.560760e-03 
7.568390e-03 7.576020e-03 
7.591280e-03 7.598910e-03 
7.598910e-03 7.606540e-03 
7.614170e-03 7.614170e-03 
7.629420e-03 7.637050e-03 
7.644680e-03 7.652310e-03 
7.659940e-03 7.667570e-03 
7.675200e-03 7.682830e-03 
7.698090e-03 7.705720e-03 
7.705720e-03 7.720980e-03 
7.728610e-03 7.736240e-03 
7.743870e-03 7.759120e-03 
7.766750e-03 7.782010e-03 
7.789640e-03 7.804900e-03 
7.812560e-03 7.820190e-03 
7.843080e-03 7.858340e-03 
7.865970e-03 7.873590e-03 
7.896480e-03 7.911740e-03 
7.919370e-03 7.927000e-03 
7.942260e-03 7.957520e-03 
7.972780e-03 7.988040e-03 
8.003290e-03 8.018550e-03 
8.033810e-03 8.041440e-03 
8.064330e-03 8.079590e-03 
8.087220e-03 8.110110e-03 
8.117740e-03 8.132990e-03 
8.140620e-03 8.163510e-03 
8.178770e-03 8.194030e-03 
8.209290e-03 8.232180e-03 
8.232180e-03 8.255060e-03 
8.270320e-03 8.285580e-03 
8.300840e-03 8.316100e-03 
8.338990e-03 8.354250e-03 
8.369510e-03 8.384760e-03 
8.392390e-03 8.415280e-03 
8.438170e-03 8.445800e-03 
8.461060e-03 8.476320e-03 
8.491580e-03 8.506830e-03 
8.529720e-03 8.552610e-03 
8.560240e-03 8.575500e-03 
8.598390e-03 8.606020e-03 
8.628900e-03 8.644160e-03 
8.659420e-03 8.682310e-03 
8.697570e-03 8.712830e-03 
8.735720e-03 8.750980e-03 
8.766230e-03 8.781490e-03 
8.804380e-03 8.819640e-03 
8.834900e-03 8.857790e-03 
8.873050e-03 8.895930e-03 
8.911190e-03 8.926450e-03 
8.941710e-03 8.972230e-03 
8.979860e-03 9.002750e-03 
9.025630e-03 9.040890e-03 
9.063780e-03 9.079040e-03 
9.101930e-03 9.124820e-03 
9.140070e-03 9.155330e-03 
9.185850e-03 9.201110e-03 
9.224000e-03 9.239260e-03 
9.262140e-03 9.285030e-03 
9.307920e-03 9.330810e-03 
9.346070e-03 9.368960e-03 
9.399470e-03 9.414730e-03 
9.429990e-03 9.452880e-03 
9.483400e-03 9.506290e-03 
9.521540e-03 9.552060e-03 
9.567320e-03 9.605470e-03 
9.620730e-03 9.643610e-03 
9.666500e-03 9.697020e-03 
9.712280e-03 9.742800e-03 
9.765680e-03 9.796200e-03 
9.819090e-03 9.849610e-03 
9.872500e-03 9.887750e-03 
9.925900e-03 9.948790e-03 
9.979310e-03 1.000220e-02 
1.002510e-02 1.005560e-02 
1.008610e-02 1.010140e-02 
1.013190e-02 1.016240e-02 
1.018530e-02 1.021580e-02 
1.023870e-02 1.026920e-02 
1.029970e-02 1.033030e-02 
1.035310e-02 1.038370e-02 
1.040660e-02 1.043710e-02 
1.045230e-02 1.049050e-02 
1.050570e-02 1.053630e-02 
1.055910e-02 1.058200e-02 
1.061250e-02 1.063540e-02 
1.065830e-02 1.068120e-02 
1.069650e-02 1.071940e-02 
1.074220e-02 1.075750e-02 
1.077280e-02 1.080330e-02 
1.081850e-02 1.083380e-02 
1.085670e-02 1.087190e-02 
1.087960e-02 1.089480e-02 
1.091010e-02 1.092540e-02 
1.093300e-02 1.094060e-02 
1.095590e-02 1.096350e-02 
1.097110e-02 1.097880e-02 
1.098640e-02 1.098640e-02 
1.099400e-02 1.100160e-02 
1.100930e-02 1.100160e-02 
1.100930e-02 1.101690e-02 
1.101690e-02 1.101690e-02 
1.101690e-02 1.102450e-02 
1.101690e-02 1.102450e-02 
1.101690e-02 1.100930e-02 
1.101690e-02 1.100160e-02 
1.100160e-02 1.100160e-02 
1.100160e-02 1.099400e-02 
1.098640e-02 1.097880e-02 
1.097880e-02 1.097880e-02 
1.097110e-02 1.096350e-02 
1.096350e-02 1.095590e-02 
1.095590e-02 1.094820e-02 
1.093300e-02 1.094060e-02 
1.092540e-02 1.092540e-02 
1.092540e-02 1.092540e-02 
1.092540e-02 1.092540e-02 
1.092540e-02 1.091770e-02 
1.091770e-02 1.091770e-02 
1.091770e-02 1.091770e-02 
1.091770e-02 1.091770e-02 
1.091770e-02 1.091770e-02 
1.092540e-02 1.092540e-02 
1.092540e-02 1.093300e-02 
1.094060e-02 1.094060e-02 
1.094820e-02 1.095590e-02 
1.095590e-02 1.095590e-02 
1.097110e-02 1.097880e-02 
1.097880e-02 1.097880e-02 
1.099400e-02 1.100930e-02 
1.101690e-02 1.102450e-02 
1.103220e-02 1.103980e-02 
1.103980e-02 1.104740e-02 
1.106270e-02 1.107790e-02 
1.108560e-02 1.108560e-02 
1.110080e-02 1.110850e-02 
1.112370e-02 1.113130e-02 
1.113900e-02 1.115420e-02 
1.116950e-02 1.118480e-02 
1.119240e-02 1.120000e-02 
1.120760e-02 1.122290e-02 
1.124580e-02 1.124580e-02 
1.126100e-02 1.127630e-02 
1.129160e-02 1.129920e-02 
1.130680e-02 1.132970e-02 
1.133730e-02 1.134500e-02 
1.135260e-02 1.137550e-02 
1.138310e-02 1.139840e-02 
1.140600e-02 1.142130e-02 
1.143650e-02 1.145180e-02 
1.146700e-02 1.147470e-02 
1.148990e-02 1.151280e-02 
1.152040e-02 1.153570e-02 
1.155100e-02 1.156620e-02 
1.158150e-02 1.158910e-02 
1.161200e-02 1.161960e-02 
1.163490e-02 1.164250e-02 
1.166540e-02 1.167300e-02 
1.168070e-02 1.170360e-02 
1.171880e-02 1.172640e-02 
1.174170e-02 1.176460e-02 
1.177220e-02 1.178750e-02 
1.179510e-02 1.181800e-02 
1.182560e-02 1.184090e-02 
1.185610e-02 1.187900e-02 
1.187900e-02 1.190190e-02 
1.191720e-02 1.192480e-02 
1.194010e-02 1.195530e-02 
1.197060e-02 1.198580e-02 
1.199350e-02 1.200870e-02 
1.203160e-02 1.203920e-02 
1.205450e-02 1.206980e-02 
1.208500e-02 1.209260e-02 
1.210790e-02 1.212320e-02 
1.213080e-02 1.214610e-02 
1.216890e-02 1.217660e-02 
1.219180e-02 1.220710e-02 
1.222230e-02 1.223000e-02 
1.224520e-02 1.226050e-02 
1.226810e-02 1.228340e-02 
1.230630e-02 1.231390e-02 
1.232150e-02 1.234440e-02 
1.235970e-02 1.236730e-02 
1.238260e-02 1.239020e-02 
1.240550e-02 1.241310e-02 
1.242830e-02 1.244360e-02 
1.245890e-02 1.246650e-02 
1.248940e-02 1.249700e-02 
1.251230e-02 1.251990e-02 
1.253520e-02 1.255040e-02 
1.256570e-02 1.258090e-02 
1.259620e-02 1.260380e-02 
1.261910e-02 1.262670e-02 
1.263430e-02 1.265720e-02 
1.267250e-02 1.268770e-02 
1.268770e-02 1.270300e-02 
1.271830e-02 1.272590e-02 
1.274110e-02 1.274880e-02 
1.277930e-02 1.277930e-02 
1.278690e-02 1.279460e-02 
1.281740e-02 1.283270e-02 
1.284030e-02 1.284800e-02 
1.287080e-02 1.288610e-02 
1.289370e-02 1.290140e-02 
1.290900e-02 1.293190e-02 
1.293950e-02 1.294710e-02 
1.297000e-02 1.298530e-02 
1.298530e-02 1.299290e-02 
1.300820e-02 1.301580e-02 
0 0 
0 0 
0 0 
0 0 
0 0 
0 0 
0 0 
0 0 
0 0 
0 0 
0 0 
0 7.629450e-06 
7.629450e-06 7.629450e-06 
7.629450e-06 7.629450e-06 
7.629450e-06 7.629450e-06 
7.629450e-06 7.629450e-06 
7.629450e-06 7.629450e-06 
7.629450e-06 7.629450e-06 
7.629450e-06 7.629450e-06 
1.525890e-05 1.525890e-05 
1.525890e-05 1.525890e-05 
1.525890e-05 1.525890e-05 
1.525890e-05 1.525890e-05 
1.525890e-05 1.525890e-05 
1.525890e-05 1.525890e-05 
1.525890e-05 1.525890e-05 
1.525890e-05 1.525890e-05 
1.525890e-05 1.525890e-05 
1.525890e-05 1.525890e-05 
2.288830e-05 2.288830e-05 
2.288830e-05 2.288830e-05 
2.288830e-05 2.288830e-05 
2.288830e-05 2.288830e-05 
2.288830e-05 2.288830e-05 
2.288830e-05 2.288830e-05 
2.288830e-05 2.288830e-05 
2.288830e-05 3.051780e-05 
3.051780e-05 3.051780e-05 
3.051780e-05 3.051780e-05 
3.051780e-05 3.051780e-05 
3.051780e-05 3.051780e-05 
3.051780e-05 3.051780e-05 
3.051780e-05 3.051780e-05 
3.051780e-05 3.051780e-05 
3.814720e-05 3.051780e-05 
3.814720e-05 3.051780e-05 
3.051780e-05 3.814720e-05 
3.814720e-05 3.814720e-05 
3.814720e-05 3.814720e-05 
3.814720e-05 3.814720e-05 
3.814720e-05 3.814720e-05 
3.814720e-05 3.814720e-05 
3.814720e-05 3.814720e-05 
3.814720e-05 4.577660e-05 
3.814720e-05 4.577660e-05 
4.577660e-05 4.577660e-05 
4.577660e-05 4.577660e-05 
4.577660e-05 4.577660e-05 
4.577660e-05 4.577660e-05 
4.577660e-05 4.577660e-05 
4.577660e-05 4.577660e-05 
4.577660e-05 4.577660e-05 
4.577660e-05 4.577660e-05 
4.577660e-05 4.577660e-05 
4.577660e-05 4.577660e-05 
4.577660e-05 4.577660e-05 
4.577660e-05 4.577660e-05 
4.577660e-05 4.577660e-05 
4.577660e-05 4.577660e-05 
4.577660e-05 4.577660e-05 
4.577660e-05 4.577660e-05 
4.577660e-05 4.577660e-05 
4.577660e-05 4.577660e-05 
4.577660e-05 4.577660e-05 
4.577660e-05 4.577660e-05 
4.577660e-05 4.577660e-05 
4.577660e-05 4.577660e-05 
5.340600e-05 5.340600e-05 
5.340600e-05 5.340600e-05 
5.340600e-05 5.340600e-05 
5.340600e-05 5.340600e-05 
5.340600e-05 5.340600e-05 
5.340600e-05 5.340600e-05 
5.340600e-05 5.340600e-05 
5.340600e-05 5.340600e-05 
5.340600e-05 5.340600e-05 
5.340600e-05 5.340600e-05 
5.340600e-05 5.340600e-05 
5.340600e-05 5.340600e-05 
6.103560e-05 6.103560e-05 
6.103560e-05 6.103560e-05 
6.103560e-05 6.103560e-05 
6.103560e-05 6.103560e-05 
6.103560e-05 6.103560e-05 
6.103560e-05 6.103560e-05 
6.103560e-05 6.103560e-05 
6.103560e-05 6.866500e-05 
6.103560e-05 6.866500e-05 
6.866500e-05 6.866500e-05 
6.103560e-05 6.103560e-05 
6.103560e-05 6.866500e-05 
6.866500e-05 6.103560e-05 
6.103560e-05 6.103560e-05 
6.866500e-05 6.866500e-05 
6.866500e-05 6.866500e-05 
6.866500e-05 6.866500e-05 
6.866500e-05 6.866500e-05 
6.866500e-05 6.866500e-05 
6.866500e-05 6.866500e-05 
6.866500e-05 6.866500e-05 
7.629440e-05 6.866500e-05 
6.866500e-05 7.629440e-05 
7.629440e-05 6.866500e-05 
7.629440e-05 7.629440e-05 
7.629440e-05 6.866500e-05 
7.629440e-05 7.629440e-05 
7.629440e-05 7.629440e-05 
7.629440e-05 7.629440e-05 
7.629440e-05 7.629440e-05 
7.629440e-05 7.629440e-05 
7.629440e-05 7.629440e-05 
7.629440e-05 7.629440e-05 
7.629440e-05 7.629440e-05 
7.629440e-05 7.629440e-05 
7.629440e-05 7.629440e-05 
8.392380e-05 7.629440e-05 
7.629440e-05 8.392380e-05 
7.629440e-05 7.629440e-05 
7.629440e-05 8.392380e-05 
8.392380e-05 8.392380e-05 
8.392380e-05 8.392380e-05 
8.392380e-05 7.629440e-05 
8.392380e-05 7.629440e-05 
8.392380e-05 7.629440e-05 
8.392380e-05 8.392380e-05 
8.392380e-05 8.392380e-05 
7.629440e-05 8.392380e-05 
8.392380e-05 8.392380e-05 
8.392380e-05 8.392380e-05 
8.392380e-05 8.392380e-05 
8.392380e-05 8.392380e-05 
9.155320e-05 8.392380e-05 
8.392380e-05 9.155320e-05 
8.392380e-05 8.392380e-05 
8.392380e-05 9.155320e-05 
8.392380e-05 9.155320e-05 
9.155320e-05 9.155320e-05 
9.155320e-05 8.392380e-05 
9.155320e-05 8.392380e-05 
9.155320e-05 9.155320e-05 
9.155320e-05 8.392380e-05 
9.155320e-05 9.155320e-05 
9.155320e-05 9.155320e-05 
9.155320e-05 9.155320e-05 
9.155320e-05 9.155320e-05 
9.155320e-05 9.155320e-05 
8.392380e-05 9.155320e-05 
9.155320e-05 9.155320e-05 
9.155320e-05 9.155320e-05 
8.392380e-05 9.155320e-05 
9.155320e-05 9.155320e-05 
9.155320e-05 9.155320e-05 
9.155320e-05 9.155320e-05 
9.155320e-05 9.155320e-05 
9.155320e-05 9.155320e-05 
9.155320e-05 9.155320e-05 
9.155320e-05 9.918260e-05 
9.155320e-05 9.155320e-05 
9.155320e-05 9.155320e-05 
9.155320e-05 9.918260e-05 
9.155320e-05 9.918260e-05 
9.918260e-05 9.155320e-05 
9.155320e-05 9.155320e-05 
9.155320e-05 9.155320e-05 
9.918260e-05 9.155320e-05 
9.155320e-05 9.155320e-05 
9.918260e-05 9.918260e-05 
9.155320e-05 9.918260e-05 
9.918260e-05 9.155320e-05 
9.918260e-05 9.155320e-05 
9.918260e-05 9.155320e-05 
9.918260e-05 9.918260e-05 
9.918260e-05 9.918260e-05 
9.918260e-05 9.918260e-05 
9.918260e-05 9.155320e-05 
9.918260e-05 9.155320e-05 
9.918260e-05 9.918260e-05 
9.918260e-05 9.918260e-05 
9.918260e-05 9.918260e-05 
9.918260e-05 9.918260e-05 
9.918260e-05 9.918260e-05 
9.918260e-05 9.918260e-05 
9.918260e-05 9.918260e-05 
9.918260e-05 9.918260e-05 
9.918260e-05 9.918260e-05 
9.918260e-05 9.918260e-05 
9.918260e-05 9.918260e-05 
9.918260e-05 9.918260e-05 
9.918260e-05 9.918260e-05 
9.918260e-05 9.918260e-05 
9.918260e-05 9.918260e-05 
9.918260e-05 9.918260e-05 
9.918260e-05 9.918260e-05 
9.918260e-05 9.918260e-05 
9.918260e-05 9.918260e-05 
9.918260e-05 9.918260e-05 
9.918260e-05 9.918260e-05 
9.918260e-05 9.918260e-05 
9.918260e-05 9.918260e-05 
9.918260e-05 9.918260e-05 
9.918260e-05 9.918260e-05 
9.918260e-05 9.918260e-05 
9.918260e-05 9.918260e-05 
9.918260e-05 9.918260e-05 
9.918260e-05 9.918260e-05 
9.918260e-05 9.918260e-05 
9.918260e-05 9.918260e-05 
9.918260e-05 9.918260e-05 
9.918260e-05 9.918260e-05 
9.918260e-05 9.918260e-05 
9.918260e-05 9.918260e-05 
9.918260e-05 9.918260e-05 
9.918260e-05 9.918260e-05 
9.918260e-05 9.918260e-05 
9.918260e-05 9.918260e-05 
9.918260e-05 9.918260e-05 
9.918260e-05 9.918260e-05 
9.918260e-05 9.918260e-05 
9.918260e-05 9.918260e-05 
9.918260e-05 9.918260e-05 
9.918260e-05 9.918260e-05 
9.918260e-05 9.918260e-05 
9.918260e-05 9.918260e-05 
9.155320e-05 9.155320e-05 
9.918260e-05 9.918260e-05 
9.918260e-05 9.918260e-05 
9.918260e-05 9.918260e-05 
9.918260e-05 9.918260e-05 
9.918260e-05 9.918260e-05 
9.918260e-05 9.918260e-05 
9.918260e-05 9.918260e-05 
9.918260e-05 9.918260e-05 
9.918260e-05 9.918260e-05 
9.918260e-05 9.918260e-05 
9.155320e-05 9.918260e-05 
9.918260e-05 9.918260e-05 
9.918260e-05 9.918260e-05 
9.155320e-05 9.155320e-05 
9.918260e-05 9.918260e-05 
9.918260e-05 9.918260e-05 
9.918260e-05 9.918260e-05 
9.918260e-05 9.918260e-05 
9.918260e-05 9.918260e-05 
9.918260e-05 9.918260e-05 
9.918260e-05 9.918260e-05 
9.918260e-05 9.918260e-05 
9.918260e-05 9.918260e-05 
9.918260e-05 9.918260e-05 
9.918260e-05 9.155320e-05 
9.155320e-05 9.918260e-05 
9.918260e-05 9.918260e-05 
9.918260e-05 9.918260e-05 
9.918260e-05 9.155320e-05 
9.918260e-05 9.918260e-05 
9.918260e-05 9.155320e-05 
9.918260e-05 9.155320e-05 
9.918260e-05 9.918260e-05 
9.918260e-05 9.918260e-05 
9.918260e-05 9.918260e-05 
9.155320e-05 9.918260e-05 
9.918260e-05 9.155320e-05 
9.155320e-05 9.918260e-05 
9.918260e-05 9.918260e-05 
9.918260e-05 9.918260e-05 
9.918260e-05 9.918260e-05 
9.918260e-05 9.918260e-05 
9.155320e-05 9.918260e-05 
9.155320e-05 9.918260e-05 
9.918260e-05 9.918260e-05 
9.918260e-05 9.918260e-05 
9.918260e-05 9.155320e-05 
9.155320e-05 9.918260e-05 
9.918260e-05 9.918260e-05 
9.918260e-05 9.918260e-05 
9.155320e-05 9.155320e-05 
9.918260e-05 9.918260e-05 
9.918260e-05 9.918260e-05 
9.918260e-05 9.918260e-05 
9.918260e-05 9.918260e-05 
9.918260e-05 9.918260e-05 
9.918260e-05 9.918260e-05 
9.918260e-05 9.918260e-05 
9.918260e-05 9.918260e-05 
9.918260e-05 9.918260e-05 
9.918260e-05 9.918260e-05 
9.918260e-05 9.918260e-05 
9.918260e-05 9.918260e-05 
9.155320e-05 9.918260e-05 
9.918260e-05 9.918260e-05 
9.918260e-05 9.918260e-05 
9.918260e-05 9.918260e-05 
9.918260e-05 9.918260e-05 
9.918260e-05 9.918260e-05 
9.918260e-05 9.918260e-05 
9.918260e-05 9.918260e-05 
9.918260e-05 9.918260e-05 
9.918260e-05 9.918260e-05 
9.918260e-05 9.918260e-05 
9.918260e-05 1.068120e-04 
9.918260e-05 9.918260e-05 
9.918260e-05 9.918260e-05 
9.918260e-05 9.918260e-05 
9.918260e-05 9.918260e-05 
9.918260e-05 9.918260e-05 
9.918260e-05 9.918260e-05 
9.155320e-05 9.918260e-05 
9.155320e-05 9.155320e-05 
9.918260e-05 9.918260e-05 
9.918260e-05 9.918260e-05 
9.918260e-05 9.155320e-05 
9.155320e-05 9.155320e-05 
9.918260e-05 9.155320e-05 
9.155320e-05 9.155320e-05 
9.918260e-05 9.918260e-05 
9.918260e-05 9.155320e-05 
9.918260e-05 9.918260e-05 
9.918260e-05 9.155320e-05 
9.155320e-05 9.155320e-05 
8.392380e-05 9.155320e-05 
8.392380e-05 8.392380e-05 
8.392380e-05 9.155320e-05 
9.155320e-05 9.155320e-05 
9.918260e-05 9.155320e-05 
8.392380e-05 8.392380e-05 
8.392380e-05 9.155320e-05 
7.629440e-05 7.629440e-05 
7.629440e-05 8.392380e-05 
8.392380e-05 8.392380e-05 
8.392380e-05 7.629440e-05 
7.629440e-05 7.629440e-05 
7.629440e-05 8.392380e-05 
8.392380e-05 7.629440e-05 
7.629440e-05 7.629440e-05 
7.629440e-05 6.866500e-05 
7.629440e-05 6.866500e-05 
8.392380e-05 8.392380e-05 
7.629440e-05 6.866500e-05 
7.629440e-05 7.629440e-05 
7.629440e-05 7.629440e-05 
7.629440e-05 7.629440e-05 
7.629440e-05 6.103560e-05 
6.866500e-05 7.629440e-05 
7.629440e-05 6.866500e-05 
6.866500e-05 6.103560e-05 
6.103560e-05 6.866500e-05 
6.866500e-05 6.103560e-05 
6.103560e-05 6.103560e-05 
7.629440e-05 6.103560e-05 
6.103560e-05 6.866500e-05 
5.340600e-05 6.866500e-05 
6.866500e-05 6.866500e-05 
6.103560e-05 6.103560e-05 
6.866500e-05 7.629440e-05 
6.866500e-05 6.866500e-05 
6.103560e-05 6.866500e-05 
6.866500e-05 6.103560e-05 
6.866500e-05 6.866500e-05 
6.866500e-05 6.866500e-05 
6.866500e-05 6.866500e-05 
6.103560e-05 6.103560e-05 
6.103560e-05 6.866500e-05 
6.866500e-05 6.866500e-05 
5.340600e-05 6.866500e-05 
6.103560e-05 5.340600e-05 
6.103560e-05 6.103560e-05 
6.103560e-05 5.340600e-05 
6.103560e-05 6.103560e-05 
6.103560e-05 6.103560e-05 
6.103560e-05 5.340600e-05 
5.340600e-05 5.340600e-05 
6.103560e-05 5.340600e-05 
5.340600e-05 5.340600e-05 
5.340600e-05 5.340600e-05 
5.340600e-05 4.577660e-05 
5.340600e-05 5.340600e-05 
5.340600e-05 6.103560e-05 
5.340600e-05 5.340600e-05 
6.103560e-05 5.340600e-05 
6.103560e-05 4.577660e-05 
5.340600e-05 5.340600e-05 
4.577660e-05 4.577660e-05 
4.577660e-05 4.577660e-05 
4.577660e-05 4.577660e-05 
4.577660e-05 5.340600e-05 
4.577660e-05 4.577660e-05 
4.577660e-05 4.577660e-05 
4.577660e-05 4.577660e-05 
4.577660e-05 4.577660e-05 
5.340600e-05 4.577660e-05 
4.577660e-05 4.577660e-05 
4.577660e-05 5.340600e-05 
4.577660e-05 4.577660e-05 
4.577660e-05 4.577660e-05 
4.577660e-05 4.577660e-05 
4.577660e-05 4.577660e-05 
4.577660e-05 4.577660e-05 
5.340600e-05 4.577660e-05 
4.577660e-05 4.577660e-05 
5.340600e-05 4.577660e-05 
4.577660e-05 4.577660e-05 
4.577660e-05 4.577660e-05 
3.814720e-05 4.577660e-05 
4.577660e-05 4.577660e-05 
4.577660e-05 4.577660e-05 
4.577660e-05 3.814720e-05 
3.814720e-05 4.577660e-05 
