1.640330e-04 1.668940e-04 
1.683240e-04 1.697550e-04 
1.699930e-04 1.726160e-04 
1.735700e-04 1.754770e-04 
1.759540e-04 1.764310e-04 
1.776230e-04 1.781000e-04 
1.778610e-04 1.788150e-04 
1.795300e-04 1.788150e-04 
1.795300e-04 1.781000e-04 
1.790530e-04 1.783380e-04 
1.773840e-04 1.785760e-04 
1.776230e-04 1.778610e-04 
1.764310e-04 1.764310e-04 
1.759540e-04 1.759540e-04 
1.759540e-04 1.752390e-04 
1.754770e-04 1.747620e-04 
1.730930e-04 1.738080e-04 
1.723780e-04 1.726160e-04 
1.721390e-04 1.721390e-04 
1.719010e-04 1.709470e-04 
1.699930e-04 1.702320e-04 
1.699930e-04 1.692780e-04 
1.676090e-04 1.671320e-04 
1.673710e-04 1.666560e-04 
1.668940e-04 1.659400e-04 
1.657020e-04 1.649870e-04 
1.647480e-04 1.647480e-04 
1.640330e-04 1.637940e-04 
1.621260e-04 1.618870e-04 
1.616490e-04 1.606950e-04 
1.609330e-04 1.595030e-04 
1.599800e-04 1.587880e-04 
1.592650e-04 1.575960e-04 
1.578340e-04 1.575960e-04 
1.566420e-04 1.556880e-04 
1.559270e-04 1.554500e-04 
1.549730e-04 1.544960e-04 
1.540190e-04 1.542580e-04 
1.530660e-04 1.528270e-04 
1.521120e-04 1.525890e-04 
1.513970e-04 1.516350e-04 
1.516350e-04 1.506810e-04 
1.499660e-04 1.497280e-04 
1.494890e-04 1.494890e-04 
1.490130e-04 1.482970e-04 
1.490130e-04 1.480590e-04 
1.482970e-04 1.480590e-04 
1.466280e-04 1.466280e-04 
1.463900e-04 1.471050e-04 
1.461520e-04 1.454360e-04 
1.463900e-04 1.449590e-04 
1.454360e-04 1.451980e-04 
1.459130e-04 1.449590e-04 
1.442440e-04 1.444830e-04 
1.451980e-04 1.444830e-04 
1.449590e-04 1.437670e-04 
1.435290e-04 1.440060e-04 
1.437670e-04 1.444830e-04 
1.444830e-04 1.447210e-04 
1.435290e-04 1.437670e-04 
1.442440e-04 1.435290e-04 
1.432900e-04 1.432900e-04 
1.437670e-04 1.444830e-04 
1.449590e-04 1.449590e-04 
1.440060e-04 1.437670e-04 
1.444830e-04 1.444830e-04 
1.442440e-04 1.444830e-04 
1.447210e-04 1.444830e-04 
1.459130e-04 1.449590e-04 
1.461520e-04 1.454360e-04 
1.459130e-04 1.461520e-04 
1.468670e-04 1.463900e-04 
1.473440e-04 1.475820e-04 
1.466280e-04 1.478200e-04 
1.471050e-04 1.473440e-04 
1.490130e-04 1.480590e-04 
1.482970e-04 1.487740e-04 
1.487740e-04 1.490130e-04 
1.499660e-04 1.499660e-04 
1.502050e-04 1.499660e-04 
1.516350e-04 1.516350e-04 
1.513970e-04 1.533040e-04 
1.523500e-04 1.537810e-04 
1.530660e-04 1.542580e-04 
1.549730e-04 1.544960e-04 
1.552110e-04 1.554500e-04 
1.561650e-04 1.561650e-04 
1.561650e-04 1.554500e-04 
1.554500e-04 1.559270e-04 
1.571190e-04 1.571190e-04 
1.575960e-04 1.590260e-04 
1.592650e-04 1.599800e-04 
1.609330e-04 1.609330e-04 
1.623640e-04 1.633180e-04 
1.637940e-04 1.649870e-04 
1.649870e-04 1.661790e-04 
1.657020e-04 1.668940e-04 
1.664170e-04 1.671320e-04 
1.676090e-04 1.683240e-04 
1.673710e-04 1.685630e-04 
1.688010e-04 1.688010e-04 
1.685630e-04 1.683240e-04 
1.676090e-04 1.676090e-04 
1.676090e-04 1.678480e-04 
1.692780e-04 1.688010e-04 
1.692780e-04 1.709470e-04 
1.711850e-04 1.733310e-04 
1.747620e-04 1.754770e-04 
1.761920e-04 1.778610e-04 
1.792920e-04 1.809610e-04 
1.814370e-04 1.833450e-04 
1.845370e-04 1.857290e-04 
1.876360e-04 1.878750e-04 
1.893050e-04 1.893050e-04 
1.897820e-04 1.914510e-04 
1.914510e-04 1.909740e-04 
1.916890e-04 1.914510e-04 
1.919280e-04 1.909740e-04 
1.914510e-04 1.900210e-04 
1.895440e-04 1.881130e-04 
1.876360e-04 1.878750e-04 
1.873980e-04 1.854910e-04 
1.859670e-04 1.852520e-04 
1.842980e-04 1.852520e-04 
1.840600e-04 1.850140e-04 
1.840600e-04 1.847750e-04 
1.859670e-04 1.876360e-04 
1.878750e-04 1.895440e-04 
1.919280e-04 1.933580e-04 
1.952660e-04 1.976500e-04 
1.993190e-04 2.019410e-04 
2.031340e-04 2.059950e-04 
2.090940e-04 2.117170e-04 
2.143390e-04 2.174390e-04 
2.198230e-04 2.210150e-04 
2.241140e-04 2.262600e-04 
2.291210e-04 2.305520e-04 
2.331740e-04 2.338900e-04 
2.355580e-04 2.365120e-04 
2.384200e-04 2.403270e-04 
2.410420e-04 2.415190e-04 
2.417570e-04 2.415190e-04 
2.417570e-04 2.412810e-04 
2.408040e-04 2.403270e-04 
2.400880e-04 2.386580e-04 
2.374660e-04 2.369890e-04 
2.341280e-04 2.324590e-04 
2.305520e-04 2.293600e-04 
2.269750e-04 2.255450e-04 
2.224450e-04 2.214920e-04 
2.193460e-04 2.169620e-04 
2.152930e-04 2.126700e-04 
2.098090e-04 2.090940e-04 
2.074250e-04 2.062330e-04 
2.052790e-04 2.043260e-04 
2.036100e-04 2.021800e-04 
2.021800e-04 2.031340e-04 
2.036100e-04 2.048020e-04 
2.064710e-04 2.074250e-04 
2.090940e-04 2.124320e-04 
2.138620e-04 2.169620e-04 
2.200610e-04 2.231610e-04 
2.267370e-04 2.312670e-04 
2.348430e-04 2.396120e-04 
2.441420e-04 2.477190e-04 
2.520100e-04 2.567790e-04 
2.610700e-04 2.667920e-04 
2.717990e-04 2.751370e-04 
2.810970e-04 2.856270e-04 
2.899190e-04 2.954020e-04 
2.994560e-04 3.037470e-04 
3.089920e-04 3.132840e-04 
3.161450e-04 3.201980e-04 
3.242510e-04 3.287810e-04 
3.314040e-04 3.364100e-04 
3.392720e-04 3.423710e-04 
3.454700e-04 3.480930e-04 
3.497620e-04 3.538150e-04 
3.547690e-04 3.576300e-04 
3.588220e-04 3.604910e-04 
3.633520e-04 3.645440e-04 
3.647820e-04 3.669280e-04 
3.678820e-04 3.676430e-04 
3.681200e-04 3.688350e-04 
3.685970e-04 3.681200e-04 
3.685970e-04 3.681200e-04 
3.664510e-04 3.652590e-04 
3.643050e-04 3.626370e-04 
3.619210e-04 3.597750e-04 
3.573910e-04 3.547690e-04 
3.523850e-04 3.502390e-04 
3.461860e-04 3.440400e-04 
3.409400e-04 3.371260e-04 
3.325960e-04 3.283040e-04 
3.244900e-04 3.199600e-04 
3.154300e-04 3.099460e-04 
3.051780e-04 2.999320e-04 
2.946870e-04 2.894420e-04 
2.844350e-04 2.801440e-04 
2.744220e-04 2.694150e-04 
2.629780e-04 2.584480e-04 
2.532020e-04 2.486720e-04 
2.427110e-04 2.393730e-04 
2.338900e-04 2.305520e-04 
2.260220e-04 2.231610e-04 
2.203000e-04 2.169620e-04 
2.148160e-04 2.143390e-04 
2.133860e-04 2.126700e-04 
2.114780e-04 2.124320e-04 
2.121930e-04 2.136240e-04 
2.164850e-04 2.188690e-04 
2.217300e-04 2.250680e-04 
2.288830e-04 2.322210e-04 
2.374660e-04 2.417570e-04 
2.474800e-04 2.541560e-04 
2.598780e-04 2.672690e-04 
2.729910e-04 2.803820e-04 
2.872960e-04 2.956410e-04 
3.032700e-04 3.106610e-04 
3.182910e-04 3.266350e-04 
3.359340e-04 3.442780e-04 
3.526230e-04 3.609680e-04 
3.693120e-04 3.778950e-04 
3.855250e-04 3.943460e-04 
4.031680e-04 4.107970e-04 
4.191420e-04 4.289170e-04 
4.360690e-04 4.448910e-04 
4.529970e-04 4.608650e-04 
4.687330e-04 4.761240e-04 
4.832760e-04 4.911460e-04 
4.985370e-04 5.056900e-04 
5.123650e-04 5.195180e-04 
5.288160e-04 5.343000e-04 
5.419290e-04 5.466980e-04 
5.540890e-04 5.607640e-04 
5.657710e-04 5.710160e-04 
5.776920e-04 5.826990e-04 
5.884210e-04 5.934280e-04 
5.989110e-04 6.046330e-04 
6.096400e-04 6.136930e-04 
6.189380e-04 6.229910e-04 
6.289520e-04 6.327670e-04 
6.377730e-04 6.423030e-04 
6.458800e-04 6.504100e-04 
6.539860e-04 6.587540e-04 
6.618540e-04 6.647150e-04 
6.685290e-04 6.737750e-04 
6.768740e-04 6.797350e-04 
6.833110e-04 6.856960e-04 
6.899870e-04 6.935630e-04 
6.964240e-04 6.995240e-04 
7.014310e-04 7.054840e-04 
7.071530e-04 7.097760e-04 
7.128750e-04 7.157360e-04 
7.185970e-04 7.202660e-04 
7.236040e-04 7.250350e-04 
7.274190e-04 7.288490e-04 
7.309950e-04 7.333790e-04 
7.348100e-04 7.367170e-04 
7.383860e-04 7.402930e-04 
7.417240e-04 7.429160e-04 
7.431540e-04 7.455390e-04 
7.464920e-04 7.464920e-04 
7.476840e-04 7.486380e-04 
7.488760e-04 7.486380e-04 
7.479230e-04 7.486380e-04 
7.498300e-04 7.479230e-04 
7.491150e-04 7.481610e-04 
7.476840e-04 7.460150e-04 
7.453000e-04 7.457770e-04 
7.443470e-04 7.422010e-04 
7.407700e-04 7.381480e-04 
7.362400e-04 7.352870e-04 
7.333790e-04 7.298030e-04 
7.269420e-04 7.243190e-04 
7.214580e-04 7.181200e-04 
7.140670e-04 7.102530e-04 
7.064380e-04 7.023850e-04 
6.978550e-04 6.921330e-04 
6.885570e-04 6.825960e-04 
6.771120e-04 6.711520e-04 
6.642380e-04 6.587540e-04 
6.523170e-04 6.454030e-04 
6.377730e-04 6.310980e-04 
6.222760e-04 6.148850e-04 
6.067790e-04 5.984340e-04 
5.900900e-04 5.805530e-04 
5.712550e-04 5.621950e-04 
5.519430e-04 5.416910e-04 
5.321540e-04 5.211870e-04 
5.099810e-04 4.992520e-04 
4.882850e-04 4.732630e-04 
4.622950e-04 4.506130e-04 
4.389300e-04 4.258170e-04 
4.146120e-04 4.017370e-04 
3.898160e-04 3.778950e-04 
3.659740e-04 3.531000e-04 
3.409400e-04 3.292580e-04 
3.166220e-04 3.066080e-04 
2.944490e-04 2.822890e-04 
2.722760e-04 2.613090e-04 
2.501030e-04 2.398500e-04 
2.295980e-04 2.207770e-04 
2.119550e-04 2.033720e-04 
1.947890e-04 1.866830e-04 
1.783380e-04 1.719010e-04 
1.659400e-04 1.587880e-04 
1.544960e-04 1.487740e-04 
1.437670e-04 1.404290e-04 
1.359000e-04 1.335150e-04 
1.299390e-04 1.282700e-04 
1.261240e-04 1.251710e-04 
1.261240e-04 1.256480e-04 
1.256480e-04 1.266010e-04 
1.292240e-04 1.313700e-04 
1.342310e-04 1.373300e-04 
1.411450e-04 1.461520e-04 
1.511580e-04 1.573570e-04 
1.637940e-04 1.690400e-04 
1.776230e-04 1.845370e-04 
1.935970e-04 2.026570e-04 
2.126700e-04 2.222070e-04 
2.324590e-04 2.429490e-04 
2.543940e-04 2.656000e-04 
2.775210e-04 2.911110e-04 
3.030320e-04 3.159060e-04 
3.299730e-04 3.442780e-04 
3.573910e-04 3.719350e-04 
3.857630e-04 4.010220e-04 
4.162810e-04 4.301090e-04 
4.460830e-04 4.611030e-04 
4.770770e-04 4.928150e-04 
5.073580e-04 5.235710e-04 
5.393070e-04 5.548040e-04 
5.691090e-04 5.853210e-04 
5.996260e-04 6.153620e-04 
6.301440e-04 6.456410e-04 
6.599460e-04 6.749670e-04 
6.890330e-04 7.050070e-04 
7.185970e-04 7.329020e-04 
7.462540e-04 7.603210e-04 
7.739100e-04 7.872620e-04 
8.010900e-04 8.132490e-04 
8.277930e-04 8.399520e-04 
8.533040e-04 8.647480e-04 
8.776230e-04 8.888280e-04 
9.007490e-04 9.112400e-04 
9.226840e-04 9.343660e-04 
9.446180e-04 9.553470e-04 
9.667910e-04 9.784770e-04 
9.868220e-04 9.975510e-04 
1.008280e-03 1.016150e-03 
1.027590e-03 1.035940e-03 
1.046190e-03 1.055010e-03 
1.063590e-03 1.072180e-03 
1.079810e-03 1.087910e-03 
1.096490e-03 1.105320e-03 
1.111510e-03 1.119620e-03 
1.126300e-03 1.133930e-03 
1.141560e-03 1.148470e-03 
1.154430e-03 1.162770e-03 
1.168970e-03 1.175410e-03 
1.181130e-03 1.188760e-03 
1.193770e-03 1.200210e-03 
1.205690e-03 1.212840e-03 
1.216900e-03 1.223090e-03 
1.227620e-03 1.234300e-03 
1.240020e-03 1.245030e-03 
1.249080e-03 1.253850e-03 
1.257430e-03 1.264100e-03 
1.268160e-03 1.271260e-03 
1.276740e-03 1.280790e-03 
1.286280e-03 1.290330e-03 
1.293190e-03 1.297000e-03 
1.302250e-03 1.304870e-03 
1.308930e-03 1.313460e-03 
1.316790e-03 1.320370e-03 
1.323710e-03 1.325610e-03 
1.328710e-03 1.332290e-03 
1.336110e-03 1.339920e-03 
1.341590e-03 1.345640e-03 
1.348030e-03 1.350890e-03 
1.353990e-03 1.357320e-03 
1.359470e-03 1.363280e-03 
1.364480e-03 1.367580e-03 
1.369480e-03 1.372820e-03 
1.375210e-03 1.376640e-03 
1.379740e-03 1.382120e-03 
1.384740e-03 1.388080e-03 
1.389270e-03 1.392130e-03 
1.393800e-03 1.395470e-03 
1.398810e-03 1.400240e-03 
1.403580e-03 1.405250e-03 
1.406920e-03 1.410250e-03 
1.411450e-03 1.412880e-03 
1.416450e-03 1.418120e-03 
1.419070e-03 1.422170e-03 
1.424800e-03 1.425270e-03 
1.428130e-03 1.429090e-03 
1.432190e-03 1.434100e-03 
1.436240e-03 1.437430e-03 
1.441250e-03 1.442920e-03 
1.445780e-03 1.446970e-03 
1.448160e-03 1.450310e-03 
1.452450e-03 1.455310e-03 
1.457940e-03 1.460560e-03 
1.461750e-03 1.465090e-03 
1.467950e-03 1.469620e-03 
1.471290e-03 1.472480e-03 
1.475100e-03 1.477960e-03 
1.480590e-03 1.483450e-03 
1.485590e-03 1.487980e-03 
1.490600e-03 1.492980e-03 
1.496560e-03 1.497750e-03 
1.500140e-03 1.503000e-03 
1.506570e-03 1.508720e-03 
1.512060e-03 1.513970e-03 
1.515630e-03 1.518970e-03 
1.522790e-03 1.524220e-03 
1.526600e-03 1.530420e-03 
1.533280e-03 1.536140e-03 
1.539710e-03 1.543290e-03 
1.545200e-03 1.547110e-03 
1.551870e-03 1.554260e-03 
1.557600e-03 1.560930e-03 
1.563080e-03 1.567130e-03 
1.570230e-03 1.573570e-03 
1.575720e-03 1.579770e-03 
1.583110e-03 1.585970e-03 
1.589310e-03 1.592170e-03 
1.596940e-03 1.599800e-03 
1.601940e-03 1.605760e-03 
1.608620e-03 1.611960e-03 
1.615770e-03 1.619820e-03 
1.623640e-03 1.626740e-03 
1.629600e-03 1.634130e-03 
1.636750e-03 1.639850e-03 
1.643900e-03 1.647960e-03 
1.651290e-03 1.655110e-03 
1.658450e-03 1.662020e-03 
1.665840e-03 1.670130e-03 
1.674420e-03 1.676810e-03 
1.681570e-03 1.683000e-03 
1.688010e-03 1.690400e-03 
1.695160e-03 1.697790e-03 
1.702550e-03 1.705180e-03 
1.710900e-03 1.713520e-03 
1.717570e-03 1.719960e-03 
1.723770e-03 1.727830e-03 
1.732120e-03 1.735690e-03 
1.739270e-03 1.742370e-03 
1.746420e-03 1.750240e-03 
1.755010e-03 1.756910e-03 
1.761440e-03 1.763350e-03 
1.768120e-03 1.772410e-03 
1.776460e-03 1.779560e-03 
1.781230e-03 1.786240e-03 
1.789100e-03 1.794110e-03 
1.796250e-03 1.800540e-03 
1.803640e-03 1.807940e-03 
1.809600e-03 1.814610e-03 
1.817950e-03 1.820570e-03 
1.823430e-03 1.828200e-03 
1.831300e-03 1.834640e-03 
1.838930e-03 1.840840e-03 
1.846080e-03 1.848710e-03 
1.851090e-03 1.855620e-03 
1.858480e-03 1.860150e-03 
1.865870e-03 1.869690e-03 
1.869920e-03 1.876120e-03 
1.878030e-03 1.881130e-03 
1.883990e-03 1.889240e-03 
1.891620e-03 1.893290e-03 
1.898060e-03 1.899490e-03 
1.904260e-03 1.905690e-03 
1.908790e-03 1.912600e-03 
1.917130e-03 1.919520e-03 
1.920950e-03 1.924760e-03 
1.928810e-03 1.931670e-03 
1.934300e-03 1.936440e-03 
1.939540e-03 1.942400e-03 
1.945500e-03 1.947410e-03 
1.951230e-03 1.953620e-03 
1.957430e-03 1.958150e-03 
1.962440e-03 1.966010e-03 
1.968160e-03 1.970540e-03 
1.973640e-03 1.977220e-03 
1.977460e-03 1.980800e-03 
1.983180e-03 1.987710e-03 
1.988900e-03 1.990810e-03 
1.994150e-03 1.996060e-03 
1.998440e-03 2.001060e-03 
2.003210e-03 2.004880e-03 
2.009410e-03 2.011790e-03 
2.012030e-03 2.014650e-03 
2.017750e-03 2.020140e-03 
2.020850e-03 2.022280e-03 
2.024900e-03 2.028240e-03 
2.028480e-03 2.030150e-03 
2.032530e-03 2.035870e-03 
2.037540e-03 2.038490e-03 
2.041120e-03 2.042790e-03 
2.044220e-03 2.046360e-03 
2.046600e-03 2.047790e-03 
2.052080e-03 2.052560e-03 
2.053750e-03 2.053750e-03 
2.057570e-03 2.056380e-03 
2.058040e-03 2.060670e-03 
2.062100e-03 2.063290e-03 
2.064240e-03 2.065200e-03 
2.064960e-03 2.065910e-03 
2.067100e-03 2.066870e-03 
2.068060e-03 2.068300e-03 
2.068770e-03 2.070200e-03 
2.068300e-03 2.071630e-03 
2.069970e-03 2.070200e-03 
2.069250e-03 2.071160e-03 
2.071160e-03 2.071630e-03 
2.069970e-03 2.069970e-03 
2.070680e-03 2.068530e-03 
2.068300e-03 2.066630e-03 
2.066630e-03 2.065440e-03 
2.063290e-03 2.063770e-03 
2.061140e-03 2.059710e-03 
2.057330e-03 2.057330e-03 
2.055900e-03 2.052080e-03 
2.051130e-03 2.049460e-03 
2.048030e-03 2.044450e-03 
2.042310e-03 2.038970e-03 
2.036110e-03 2.032530e-03 
2.031100e-03 2.027290e-03 
2.023710e-03 2.018470e-03 
2.013460e-03 2.011790e-03 
2.005120e-03 2.002970e-03 
1.997960e-03 1.992720e-03 
1.987950e-03 1.980080e-03 
1.974360e-03 1.971260e-03 
1.963630e-03 1.956480e-03 
1.950270e-03 1.943600e-03 
1.935730e-03 1.929050e-03 
1.921420e-03 1.913080e-03 
1.904260e-03 1.897100e-03 
1.889240e-03 1.878750e-03 
1.869450e-03 1.858720e-03 
1.848940e-03 1.838930e-03 
1.828920e-03 1.818430e-03 
1.806270e-03 1.794580e-03 
1.782660e-03 1.771220e-03 
1.757870e-03 1.746420e-03 
1.731400e-03 1.719240e-03 
1.703510e-03 1.690400e-03 
1.675850e-03 1.660120e-03 
1.645100e-03 1.629360e-03 
1.613620e-03 1.596940e-03 
1.579290e-03 1.561410e-03 
1.543530e-03 1.526120e-03 
1.509440e-03 1.490120e-03 
1.472240e-03 1.450310e-03 
1.432900e-03 1.410970e-03 
1.391900e-03 1.370910e-03 
1.350410e-03 1.329430e-03 
1.307490e-03 1.286510e-03 
1.263860e-03 1.241930e-03 
1.220950e-03 1.197820e-03 
1.177560e-03 1.152520e-03 
1.129160e-03 1.105320e-03 
1.083140e-03 1.059060e-03 
1.036650e-03 1.012810e-03 
9.899210e-04 9.672680e-04 
9.436640e-04 9.200610e-04 
8.964580e-04 8.742850e-04 
8.494890e-04 8.273160e-04 
8.049050e-04 7.805860e-04 
7.586520e-04 7.352870e-04 
7.143060e-04 6.909410e-04 
6.713900e-04 6.465950e-04 
6.289520e-04 6.051100e-04 
5.869900e-04 5.650560e-04 
5.450290e-04 5.264320e-04 
5.059280e-04 4.878060e-04 
4.694480e-04 4.518050e-04 
4.313010e-04 4.167580e-04 
4.000680e-04 3.819480e-04 
3.664510e-04 3.504770e-04 
3.361720e-04 3.211520e-04 
3.078000e-04 2.932570e-04 
2.801440e-04 2.656000e-04 
2.534410e-04 2.417570e-04 
2.284060e-04 2.183920e-04 
2.064710e-04 1.964580e-04 
1.869210e-04 1.764310e-04 
1.664170e-04 1.587880e-04 
1.494890e-04 1.409060e-04 
1.330380e-04 1.256480e-04 
1.189710e-04 1.118190e-04 
1.044280e-04 9.942100e-05 
9.226850e-05 8.654640e-05 
8.249330e-05 7.653280e-05 
7.176450e-05 6.747290e-05 
6.198930e-05 5.912800e-05 
5.531330e-05 5.078340e-05 
4.720710e-05 4.434610e-05 
4.220030e-05 3.886250e-05 
3.671670e-05 3.314040e-05 
3.027930e-05 2.980240e-05 
2.622620e-05 2.574930e-05 
2.288830e-05 2.264990e-05 
2.074250e-05 1.931200e-05 
1.859680e-05 1.621260e-05 
1.573570e-05 1.478200e-05 
1.263620e-05 1.215940e-05 
1.144420e-05 1.215940e-05 
1.049050e-05 9.775220e-06 
9.536800e-06 1.001360e-05 
1.025210e-05 8.583130e-06 
8.583130e-06 7.391010e-06 
8.106290e-06 8.106290e-06 
7.152590e-06 7.152590e-06 
6.914170e-06 7.629450e-06 
7.391010e-06 7.391010e-06 
7.152590e-06 6.198910e-06 
6.198910e-06 6.437330e-06 
6.914170e-06 7.152590e-06 
6.437330e-06 7.152590e-06 
6.914170e-06 6.675750e-06 
6.914170e-06 6.437330e-06 
5.960490e-06 7.152590e-06 
6.914170e-06 7.629450e-06 
7.152590e-06 7.152590e-06 
6.437330e-06 6.914170e-06 
8.344710e-06 8.106290e-06 
9.536800e-06 8.821550e-06 
1.025210e-05 9.775220e-06 
1.096730e-05 1.120570e-05 
1.120570e-05 1.215940e-05 
1.287470e-05 1.883520e-05 
1.597420e-05 1.573570e-05 
1.573570e-05 1.764310e-05 
1.835830e-05 2.026570e-05 
2.193460e-05 2.360360e-05 
2.527250e-05 2.741830e-05 
3.027930e-05 3.266360e-05 
3.433250e-05 3.767040e-05 
4.029300e-05 4.291560e-05 
4.839920e-05 5.126020e-05 
5.483650e-05 5.912800e-05 
6.461190e-05 6.866500e-05 
7.414860e-05 7.963230e-05 
8.583120e-05 9.298370e-05 
9.965940e-05 1.068120e-04 
1.142030e-04 1.227860e-04 
1.289850e-04 1.385220e-04 
1.478200e-04 1.571190e-04 
1.678480e-04 1.776230e-04 
1.888280e-04 1.995570e-04 
2.131470e-04 2.245910e-04 
2.393730e-04 2.501030e-04 
2.658390e-04 2.791900e-04 
2.946870e-04 3.089920e-04 
3.252050e-04 3.404640e-04 
3.576300e-04 3.745570e-04 
3.938690e-04 4.115120e-04 
4.291550e-04 4.489440e-04 
4.665870e-04 4.890000e-04 
5.087890e-04 5.292930e-04 
5.500350e-04 5.710160e-04 
5.929510e-04 6.156000e-04 
6.389660e-04 6.620920e-04 
6.840270e-04 7.078680e-04 
7.314720e-04 7.550750e-04 
7.791560e-04 8.034740e-04 
8.280310e-04 8.554500e-04 
8.797680e-04 9.002720e-04 
9.298360e-04 9.491480e-04 
9.799080e-04 1.000890e-03 
1.030690e-03 1.052150e-03 
1.081470e-03 1.104600e-03 
1.129630e-03 1.154670e-03 
1.181130e-03 1.207120e-03 
1.232390e-03 1.258620e-03 
1.282460e-03 1.309640e-03 
1.333480e-03 1.359710e-03 
1.383310e-03 1.410970e-03 
1.432660e-03 1.459840e-03 
1.482020e-03 1.509200e-03 
1.531130e-03 1.554970e-03 
1.578820e-03 1.601940e-03 
1.625780e-03 1.647480e-03 
1.671080e-03 1.692060e-03 
1.716620e-03 1.737360e-03 
1.760970e-03 1.780990e-03 
1.801740e-03 1.822960e-03 
1.843460e-03 1.864200e-03 
1.882800e-03 1.906400e-03 
1.924050e-03 1.944790e-03 
1.964110e-03 1.982700e-03 
2.001060e-03 2.017750e-03 
2.038260e-03 2.053280e-03 
2.072110e-03 2.087610e-03 
2.106200e-03 2.123130e-03 
2.139580e-03 2.156270e-03 
2.171290e-03 2.186790e-03 
2.201570e-03 2.215880e-03 
2.231850e-03 2.245920e-03 
2.259270e-03 2.273810e-03 
2.286210e-03 2.301230e-03 
2.310770e-03 2.327930e-03 
2.337710e-03 2.352250e-03 
2.363940e-03 2.373710e-03 
2.387780e-03 2.398270e-03 
2.410190e-03 2.419250e-03 
2.430930e-03 2.440470e-03 
2.451670e-03 2.460730e-03 
2.470510e-03 2.480040e-03 
2.489340e-03 2.498400e-03 
2.507940e-03 2.516760e-03 
2.524630e-03 2.533450e-03 
2.540130e-03 2.549420e-03 
2.558250e-03 2.566830e-03 
2.572790e-03 2.579230e-03 
2.588530e-03 2.593530e-03 
2.601880e-03 2.608790e-03 
2.614040e-03 2.620470e-03 
2.626670e-03 2.634300e-03 
2.639310e-03 2.644550e-03 
2.650510e-03 2.657190e-03 
2.662670e-03 2.667920e-03 
2.673400e-03 2.677220e-03 
2.680550e-03 2.687230e-03 
2.692000e-03 2.695580e-03 
2.700110e-03 2.706070e-03 
2.709400e-03 2.712030e-03 
2.710600e-03 2.715130e-03 
2.714410e-03 2.716560e-03 
2.714650e-03 2.716320e-03 
2.714650e-03 2.716320e-03 
2.717750e-03 2.716790e-03 
2.717270e-03 2.717270e-03 
2.717270e-03 2.718940e-03 
2.719420e-03 2.717750e-03 
2.720610e-03 2.718940e-03 
2.718940e-03 2.718940e-03 
2.720610e-03 2.721320e-03 
2.720130e-03 2.720130e-03 
2.720370e-03 2.721560e-03 
2.719180e-03 2.719420e-03 
2.720370e-03 2.721560e-03 
2.720370e-03 2.721560e-03 
2.720370e-03 2.720130e-03 
2.721560e-03 2.722760e-03 
2.719660e-03 2.721560e-03 
2.722280e-03 2.722280e-03 
2.721560e-03 2.722280e-03 
2.723230e-03 2.722040e-03 
2.720610e-03 2.722990e-03 
2.724420e-03 2.723950e-03 
2.723950e-03 2.722760e-03 
2.722760e-03 2.723710e-03 
2.723950e-03 2.722280e-03 
2.723470e-03 2.723950e-03 
2.723950e-03 2.722280e-03 
2.723230e-03 2.722760e-03 
2.724190e-03 2.724190e-03 
2.723470e-03 2.722760e-03 
2.723950e-03 2.725140e-03 
2.723470e-03 2.724420e-03 
2.723230e-03 2.724190e-03 
2.722760e-03 2.722280e-03 
2.723950e-03 2.724900e-03 
2.723230e-03 2.724660e-03 
2.723230e-03 2.724900e-03 
2.723710e-03 2.723950e-03 
2.726570e-03 2.723950e-03 
2.725380e-03 2.723230e-03 
2.723470e-03 2.725850e-03 
2.724420e-03 2.724900e-03 
2.725620e-03 2.725380e-03 
2.725620e-03 2.724420e-03 
2.725380e-03 2.724190e-03 
2.726090e-03 2.726570e-03 
2.723950e-03 2.726570e-03 
2.724900e-03 2.725850e-03 
2.727290e-03 2.724190e-03 
2.724190e-03 2.726090e-03 
2.725140e-03 2.725620e-03 
2.725620e-03 2.725140e-03 
2.727290e-03 2.726090e-03 
2.726810e-03 2.724190e-03 
2.725140e-03 2.726090e-03 
2.728000e-03 2.726090e-03 
2.725620e-03 2.724420e-03 
2.725140e-03 2.727290e-03 
2.724900e-03 2.726090e-03 
2.726330e-03 2.726330e-03 
2.727760e-03 2.725620e-03 
2.725850e-03 2.727290e-03 
2.725850e-03 2.726810e-03 
2.726090e-03 2.726090e-03 
2.727520e-03 2.725380e-03 
2.725620e-03 2.728240e-03 
2.727050e-03 2.727290e-03 
2.725380e-03 2.726090e-03 
2.726090e-03 2.726090e-03 
2.725140e-03 2.727290e-03 
2.726090e-03 2.725620e-03 
2.724420e-03 2.726090e-03 
2.725380e-03 2.727050e-03 
2.727760e-03 2.727290e-03 
2.728240e-03 2.725850e-03 
2.726090e-03 2.727290e-03 
2.725850e-03 2.726570e-03 
2.727520e-03 2.725140e-03 
2.726330e-03 2.726090e-03 
7.152590e-06 7.629450e-06 
7.152590e-06 7.152590e-06 
6.437330e-06 7.629450e-06 
8.106290e-06 6.914170e-06 
7.629450e-06 7.629450e-06 
7.152590e-06 6.914170e-06 
7.629450e-06 7.152590e-06 
7.629450e-06 7.152590e-06 
7.629450e-06 7.152590e-06 
8.106290e-06 8.106290e-06 
8.106290e-06 6.914170e-06 
7.152590e-06 7.867870e-06 
8.106290e-06 7.629450e-06 
7.629450e-06 7.629450e-06 
7.629450e-06 7.152590e-06 
7.629450e-06 7.867870e-06 
6.914170e-06 6.914170e-06 
6.675750e-06 6.675750e-06 
7.629450e-06 6.437330e-06 
6.675750e-06 7.629450e-06 
7.391010e-06 7.867870e-06 
8.106290e-06 7.391010e-06 
6.675750e-06 6.675750e-06 
7.391010e-06 6.437330e-06 
7.152590e-06 7.867870e-06 
7.629450e-06 6.437330e-06 
6.437330e-06 6.437330e-06 
6.675750e-06 6.437330e-06 
6.437330e-06 6.437330e-06 
6.437330e-06 7.152590e-06 
7.391010e-06 7.152590e-06 
7.629450e-06 6.437330e-06 
7.629450e-06 6.437330e-06 
6.437330e-06 7.629450e-06 
6.437330e-06 6.675750e-06 
7.629450e-06 7.629450e-06 
6.675750e-06 5.960490e-06 
5.960490e-06 6.437330e-06 
6.437330e-06 5.960490e-06 
6.198910e-06 7.152590e-06 
5.960490e-06 7.152590e-06 
6.437330e-06 7.152590e-06 
7.152590e-06 7.391010e-06 
7.152590e-06 7.152590e-06 
7.152590e-06 6.437330e-06 
7.391010e-06 7.629450e-06 
7.152590e-06 7.152590e-06 
7.152590e-06 6.437330e-06 
6.198910e-06 6.437330e-06 
7.152590e-06 7.152590e-06 
7.152590e-06 6.675750e-06 
7.152590e-06 7.152590e-06 
7.152590e-06 7.152590e-06 
7.152590e-06 6.198910e-06 
7.152590e-06 7.152590e-06 
7.629450e-06 6.675750e-06 
7.152590e-06 6.437330e-06 
7.629450e-06 6.675750e-06 
6.675750e-06 7.152590e-06 
6.675750e-06 6.437330e-06 
7.152590e-06 6.675750e-06 
6.675750e-06 7.152590e-06 
7.629450e-06 7.629450e-06 
6.437330e-06 6.675750e-06 
6.675750e-06 7.152590e-06 
8.106290e-06 8.106290e-06 
7.391010e-06 6.437330e-06 
6.675750e-06 7.152590e-06 
7.152590e-06 8.106290e-06 
8.106290e-06 7.152590e-06 
7.152590e-06 7.867870e-06 
8.344710e-06 7.867870e-06 
7.867870e-06 8.344710e-06 
8.344710e-06 7.629450e-06 
7.391010e-06 7.629450e-06 
7.867870e-06 7.629450e-06 
7.152590e-06 7.391010e-06 
8.583130e-06 7.629450e-06 
8.106290e-06 7.629450e-06 
8.583130e-06 8.583130e-06 
8.583130e-06 8.821550e-06 
7.867870e-06 8.821550e-06 
7.867870e-06 8.821550e-06 
8.106290e-06 7.629450e-06 
9.298380e-06 8.821550e-06 
8.344710e-06 9.298380e-06 
8.821550e-06 9.298380e-06 
8.344710e-06 9.536800e-06 
8.344710e-06 8.344710e-06 
8.344710e-06 8.106290e-06 
8.583130e-06 9.775220e-06 
9.775220e-06 9.775220e-06 
9.775220e-06 8.583130e-06 
9.775220e-06 9.298380e-06 
8.821550e-06 9.298380e-06 
8.821550e-06 9.298380e-06 
9.536800e-06 1.049050e-05 
1.001360e-05 1.049050e-05 
9.298380e-06 9.775220e-06 
1.001360e-05 9.775220e-06 
1.049050e-05 1.049050e-05 
1.072890e-05 1.096730e-05 
1.072890e-05 1.072890e-05 
9.775220e-06 9.775220e-06 
1.025210e-05 1.049050e-05 
1.096730e-05 1.049050e-05 
1.049050e-05 1.072890e-05 
1.096730e-05 1.049050e-05 
1.144420e-05 1.072890e-05 
1.120570e-05 1.144420e-05 
1.168260e-05 1.072890e-05 
1.192100e-05 1.096730e-05 
1.072890e-05 1.144420e-05 
1.239780e-05 1.168260e-05 
1.192100e-05 1.120570e-05 
1.263620e-05 1.263620e-05 
1.263620e-05 1.144420e-05 
1.215940e-05 1.096730e-05 
1.215940e-05 1.120570e-05 
1.120570e-05 1.215940e-05 
1.144420e-05 1.215940e-05 
1.168260e-05 1.215940e-05 
1.263620e-05 1.168260e-05 
1.144420e-05 1.192100e-05 
1.144420e-05 1.311310e-05 
1.263620e-05 1.192100e-05 
1.263620e-05 1.215940e-05 
1.168260e-05 1.168260e-05 
1.311310e-05 1.239780e-05 
1.382830e-05 1.239780e-05 
1.263620e-05 1.358990e-05 
1.287470e-05 1.287470e-05 
1.358990e-05 1.382830e-05 
1.382830e-05 1.430520e-05 
1.406680e-05 1.382830e-05 
1.382830e-05 1.454360e-05 
1.382830e-05 1.478200e-05 
1.478200e-05 1.478200e-05 
1.573570e-05 1.478200e-05 
1.549730e-05 1.549730e-05 
1.549730e-05 1.478200e-05 
1.597420e-05 1.478200e-05 
1.525890e-05 1.525890e-05 
1.454360e-05 1.573570e-05 
1.597420e-05 1.478200e-05 
1.597420e-05 1.621260e-05 
1.573570e-05 1.502040e-05 
1.502040e-05 1.597420e-05 
1.549730e-05 1.525890e-05 
1.597420e-05 1.597420e-05 
1.525890e-05 1.478200e-05 
1.573570e-05 1.478200e-05 
1.478200e-05 1.597420e-05 
1.597420e-05 1.549730e-05 
1.549730e-05 1.478200e-05 
1.478200e-05 1.478200e-05 
1.478200e-05 1.478200e-05 
1.502040e-05 1.597420e-05 
1.597420e-05 1.478200e-05 
1.549730e-05 1.597420e-05 
1.597420e-05 1.549730e-05 
1.573570e-05 1.549730e-05 
1.645100e-05 1.716630e-05 
1.621260e-05 1.668940e-05 
1.788150e-05 1.716630e-05 
1.692780e-05 1.692780e-05 
1.811990e-05 1.859680e-05 
1.883520e-05 1.811990e-05 
1.811990e-05 1.835830e-05 
1.955040e-05 1.859680e-05 
1.859680e-05 1.907360e-05 
1.931200e-05 2.026570e-05 
1.931200e-05 2.074250e-05 
1.978890e-05 2.098100e-05 
2.121940e-05 2.074250e-05 
2.026570e-05 2.193460e-05 
2.121940e-05 2.193460e-05 
2.098100e-05 2.193460e-05 
2.217300e-05 2.121940e-05 
2.145780e-05 2.145780e-05 
2.121940e-05 2.288830e-05 
2.193460e-05 2.312670e-05 
2.288830e-05 2.169620e-05 
2.241150e-05 2.193460e-05 
2.193460e-05 2.336510e-05 
2.217300e-05 2.312670e-05 
2.336510e-05 2.312670e-05 
2.264990e-05 2.288830e-05 
2.264990e-05 2.360360e-05 
2.241150e-05 2.193460e-05 
2.288830e-05 2.288830e-05 
2.288830e-05 2.288830e-05 
2.288830e-05 2.288830e-05 
2.264990e-05 2.169620e-05 
2.288830e-05 2.193460e-05 
2.145780e-05 2.264990e-05 
2.145780e-05 2.169620e-05 
2.169620e-05 2.145780e-05 
2.241150e-05 2.098100e-05 
2.145780e-05 2.145780e-05 
2.145780e-05 2.121940e-05 
2.098100e-05 2.169620e-05 
2.050410e-05 2.121940e-05 
2.050410e-05 2.169620e-05 
2.026570e-05 2.002730e-05 
2.026570e-05 2.026570e-05 
2.026570e-05 2.098100e-05 
2.098100e-05 2.121940e-05 
2.026570e-05 2.050410e-05 
2.026570e-05 2.098100e-05 
2.169620e-05 2.169620e-05 
2.193460e-05 2.098100e-05 
2.121940e-05 2.145780e-05 
2.169620e-05 2.145780e-05 
2.169620e-05 2.217300e-05 
2.312670e-05 2.336510e-05 
2.264990e-05 2.384200e-05 
2.288830e-05 2.336510e-05 
2.384200e-05 2.384200e-05 
2.455720e-05 2.431880e-05 
2.551090e-05 2.527250e-05 
2.598770e-05 2.646460e-05 
2.574930e-05 2.622620e-05 
2.646460e-05 2.646460e-05 
2.670300e-05 2.694140e-05 
2.694140e-05 2.837190e-05 
2.741830e-05 2.861030e-05 
2.861030e-05 2.908720e-05 
2.837190e-05 2.908720e-05 
2.932560e-05 2.980240e-05 
3.051780e-05 2.980240e-05 
3.027930e-05 3.004090e-05 
3.147150e-05 3.170990e-05 
3.147150e-05 3.099460e-05 
3.099460e-05 3.123310e-05 
3.170990e-05 3.170990e-05 
3.170990e-05 3.194830e-05 
3.314040e-05 3.266360e-05 
3.361730e-05 3.361730e-05 
3.385570e-05 3.314040e-05 
3.337880e-05 3.385570e-05 
3.385570e-05 3.480930e-05 
3.385570e-05 3.433250e-05 
3.433250e-05 3.433250e-05 
3.552460e-05 3.433250e-05 
3.600140e-05 3.480930e-05 
3.480930e-05 3.576300e-05 
3.480930e-05 3.528620e-05 
3.576300e-05 3.576300e-05 
3.647830e-05 3.576300e-05 
3.695510e-05 3.647830e-05 
3.623990e-05 3.767040e-05 
3.647830e-05 3.647830e-05 
3.790880e-05 3.671670e-05 
3.790880e-05 3.695510e-05 
3.814720e-05 3.695510e-05 
3.695510e-05 3.886250e-05 
3.743190e-05 3.743190e-05 
3.862400e-05 3.743190e-05 
3.814720e-05 3.838560e-05 
3.814720e-05 3.838560e-05 
3.957770e-05 3.957770e-05 
3.957770e-05 3.910090e-05 
3.862400e-05 3.981610e-05 
3.981610e-05 3.910090e-05 
3.910090e-05 3.862400e-05 
3.910090e-05 3.933930e-05 
3.981610e-05 3.910090e-05 
4.029300e-05 4.029300e-05 
4.029300e-05 3.933930e-05 
4.029300e-05 4.005460e-05 
3.957770e-05 3.981610e-05 
3.981610e-05 3.957770e-05 
4.029300e-05 3.981610e-05 
3.957770e-05 3.981610e-05 
4.100820e-05 4.076980e-05 
4.053140e-05 4.005460e-05 
3.957770e-05 4.076980e-05 
3.957770e-05 3.957770e-05 
4.029300e-05 3.981610e-05 
4.076980e-05 3.910090e-05 
3.933930e-05 4.076980e-05 
3.910090e-05 3.933930e-05 
3.957770e-05 4.053140e-05 
3.933930e-05 3.910090e-05 
4.029300e-05 3.910090e-05 
3.981610e-05 3.838560e-05 
3.910090e-05 3.910090e-05 
3.981610e-05 3.814720e-05 
3.910090e-05 3.862400e-05 
3.767040e-05 3.767040e-05 
3.790880e-05 3.743190e-05 
3.743190e-05 3.719350e-05 
3.719350e-05 3.838560e-05 
3.743190e-05 3.647830e-05 
3.647830e-05 3.743190e-05 
3.647830e-05 3.695510e-05 
3.576300e-05 3.600140e-05 
3.576300e-05 3.647830e-05 
3.576300e-05 3.552460e-05 
3.576300e-05 3.480930e-05 
3.504780e-05 3.480930e-05 
3.457090e-05 3.480930e-05 
3.552460e-05 3.528620e-05 
3.528620e-05 3.552460e-05 
3.433250e-05 3.385570e-05 
3.457090e-05 3.457090e-05 
3.433250e-05 3.480930e-05 
3.480930e-05 3.480930e-05 
3.433250e-05 3.480930e-05 
3.361730e-05 3.385570e-05 
3.385570e-05 3.361730e-05 
3.433250e-05 3.433250e-05 
3.409410e-05 3.409410e-05 
3.528620e-05 3.552460e-05 
3.552460e-05 3.433250e-05 
3.457090e-05 3.600140e-05 
3.504780e-05 3.528620e-05 
3.576300e-05 3.600140e-05 
3.623990e-05 3.576300e-05 
3.552460e-05 3.600140e-05 
3.695510e-05 3.671670e-05 
3.790880e-05 3.647830e-05 
3.790880e-05 3.814720e-05 
3.838560e-05 3.790880e-05 
3.767040e-05 3.814720e-05 
3.862400e-05 3.910090e-05 
3.910090e-05 4.029300e-05 
4.053140e-05 3.957770e-05 
4.124660e-05 4.029300e-05 
4.100820e-05 4.196190e-05 
4.172350e-05 4.172350e-05 
4.148510e-05 4.172350e-05 
4.243870e-05 4.243870e-05 
4.243870e-05 4.243870e-05 
4.315400e-05 4.363080e-05 
4.434610e-05 4.363080e-05 
4.386930e-05 4.529980e-05 
4.482290e-05 4.625340e-05 
4.506130e-05 4.529980e-05 
4.577660e-05 4.649190e-05 
4.601500e-05 4.601500e-05 
4.601500e-05 4.744550e-05 
4.816080e-05 4.696870e-05 
4.863760e-05 4.744550e-05 
4.863760e-05 4.887600e-05 
4.887600e-05 4.792240e-05 
4.816080e-05 4.816080e-05 
4.887600e-05 4.911450e-05 
4.911450e-05 5.054500e-05 
4.959130e-05 5.126020e-05 
5.102180e-05 4.982970e-05 
5.078340e-05 5.078340e-05 
5.054500e-05 5.197550e-05 
5.245230e-05 5.269070e-05 
5.126020e-05 5.149860e-05 
5.126020e-05 5.269070e-05 
5.269070e-05 5.245230e-05 
5.292920e-05 5.245230e-05 
5.245230e-05 5.245230e-05 
5.245230e-05 5.412130e-05 
5.412130e-05 5.292920e-05 
5.292920e-05 5.364440e-05 
5.364440e-05 5.364440e-05 
5.340600e-05 5.555180e-05 
5.459810e-05 5.388280e-05 
5.364440e-05 5.435970e-05 
5.579020e-05 5.579020e-05 
5.483650e-05 5.531330e-05 
5.507490e-05 5.483650e-05 
5.531330e-05 5.531330e-05 
5.531330e-05 5.602860e-05 
5.698230e-05 5.722070e-05 
5.674390e-05 5.674390e-05 
5.698230e-05 5.579020e-05 
5.579020e-05 5.745910e-05 
5.602860e-05 5.722070e-05 
5.626700e-05 5.626700e-05 
5.626700e-05 5.650540e-05 
5.769750e-05 5.841280e-05 
5.745910e-05 5.841280e-05 
5.698230e-05 5.865120e-05 
5.841280e-05 5.912800e-05 
5.745910e-05 5.745910e-05 
5.936650e-05 5.769750e-05 
5.745910e-05 5.960490e-05 
5.841280e-05 5.865120e-05 
5.984330e-05 5.865120e-05 
5.865120e-05 5.960490e-05 
5.865120e-05 5.960490e-05 
5.960490e-05 5.865120e-05 
5.936650e-05 5.912800e-05 
6.127400e-05 5.912800e-05 
5.960490e-05 6.032010e-05 
6.055860e-05 5.984330e-05 
6.127400e-05 5.960490e-05 
5.960490e-05 6.032010e-05 
5.960490e-05 5.960490e-05 
6.055860e-05 6.032010e-05 
6.008170e-05 6.246610e-05 
6.008170e-05 6.103560e-05 
6.175090e-05 6.103560e-05 
6.294300e-05 6.270460e-05 
6.127400e-05 6.103560e-05 
6.079700e-05 6.127400e-05 
6.198930e-05 6.246610e-05 
6.103560e-05 6.318140e-05 
6.175090e-05 6.294300e-05 
6.246610e-05 6.198930e-05 
6.127400e-05 6.270460e-05 
6.222770e-05 6.222770e-05 
6.198930e-05 6.318140e-05 
6.175090e-05 6.270460e-05 
6.246610e-05 6.246610e-05 
6.198930e-05 6.246610e-05 
6.294300e-05 6.413510e-05 
6.198930e-05 6.365820e-05 
6.246610e-05 6.246610e-05 
6.365820e-05 6.365820e-05 
6.222770e-05 6.270460e-05 
6.389660e-05 6.246610e-05 
6.365820e-05 6.413510e-05 
6.413510e-05 6.341980e-05 
6.365820e-05 6.389660e-05 
6.246610e-05 6.389660e-05 
6.318140e-05 6.365820e-05 
6.341980e-05 6.532720e-05 
6.365820e-05 6.556560e-05 
6.413510e-05 6.508870e-05 
6.461190e-05 6.365820e-05 
6.604240e-05 6.628080e-05 
6.508870e-05 6.389660e-05 
6.485030e-05 6.413510e-05 
6.461190e-05 6.485030e-05 
6.580400e-05 6.628080e-05 
6.532720e-05 6.485030e-05 
6.532720e-05 6.461190e-05 
6.556560e-05 6.532720e-05 
6.651920e-05 6.437350e-05 
6.461190e-05 6.461190e-05 
6.485030e-05 6.580400e-05 
6.628080e-05 6.580400e-05 
6.580400e-05 6.604240e-05 
6.699610e-05 6.556560e-05 
6.699610e-05 6.580400e-05 
6.580400e-05 6.890340e-05 
6.914190e-05 6.818820e-05 
6.771130e-05 6.699610e-05 
6.628080e-05 6.628080e-05 
6.699610e-05 6.794980e-05 
6.723450e-05 6.747290e-05 
6.699610e-05 6.771130e-05 
6.866500e-05 6.747290e-05 
6.818820e-05 6.771130e-05 
6.818820e-05 6.890340e-05 
7.009550e-05 6.866500e-05 
6.794980e-05 6.890340e-05 
6.938030e-05 7.081080e-05 
7.009550e-05 6.938030e-05 
6.890340e-05 7.081080e-05 
7.009550e-05 7.081080e-05 
6.914190e-05 6.938030e-05 
6.938030e-05 6.961870e-05 
7.009550e-05 7.104920e-05 
7.104920e-05 6.961870e-05 
6.961870e-05 6.961870e-05 
6.985710e-05 7.057240e-05 
7.033390e-05 6.985710e-05 
6.985710e-05 7.152600e-05 
7.009550e-05 7.176450e-05 
7.200290e-05 6.961870e-05 
7.033390e-05 7.081080e-05 
7.081080e-05 7.081080e-05 
7.128760e-05 7.057240e-05 
7.224130e-05 7.009550e-05 
6.961870e-05 6.961870e-05 
7.271810e-05 7.081080e-05 
7.057240e-05 7.224130e-05 
7.224130e-05 7.295660e-05 
7.128760e-05 7.033390e-05 
7.128760e-05 7.128760e-05 
7.176450e-05 7.081080e-05 
7.343340e-05 7.200290e-05 
7.152600e-05 7.176450e-05 
7.128760e-05 7.247970e-05 
7.176450e-05 7.128760e-05 
7.295660e-05 7.176450e-05 
7.176450e-05 7.200290e-05 
7.295660e-05 7.343340e-05 
7.128760e-05 7.247970e-05 
7.176450e-05 7.271810e-05 
7.176450e-05 7.295660e-05 
7.319500e-05 7.271810e-05 
7.438710e-05 7.510230e-05 
7.319500e-05 7.247970e-05 
7.295660e-05 7.367180e-05 
7.271810e-05 7.391020e-05 
7.414860e-05 7.414860e-05 
7.486390e-05 7.343340e-05 
7.391020e-05 7.462550e-05 
7.486390e-05 7.367180e-05 
7.462550e-05 7.486390e-05 
7.462550e-05 7.629440e-05 
7.438710e-05 7.414860e-05 
7.677120e-05 7.581760e-05 
7.605600e-05 7.748650e-05 
7.772490e-05 7.510230e-05 
7.581760e-05 7.534070e-05 
7.748650e-05 7.605600e-05 
7.844020e-05 7.796330e-05 
7.724810e-05 7.724810e-05 
7.891700e-05 7.796330e-05 
7.844020e-05 7.700970e-05 
7.748650e-05 8.010910e-05 
7.796330e-05 7.891700e-05 
8.058590e-05 8.010910e-05 
7.963230e-05 8.010910e-05 
8.153960e-05 8.392380e-05 
8.130120e-05 7.820180e-05 
8.010910e-05 8.130120e-05 
7.915540e-05 7.915540e-05 
7.915540e-05 8.082440e-05 
7.891700e-05 8.177800e-05 
7.939390e-05 8.082440e-05 
7.987070e-05 8.058590e-05 
8.106280e-05 8.058590e-05 
8.177800e-05 8.082440e-05 
8.130120e-05 8.058590e-05 
8.297010e-05 8.130120e-05 
8.177800e-05 8.130120e-05 
8.249330e-05 8.201650e-05 
8.177800e-05 8.320850e-05 
8.297010e-05 8.130120e-05 
8.249330e-05 8.177800e-05 
8.463910e-05 8.297010e-05 
8.559270e-05 8.416220e-05 
8.368540e-05 8.559270e-05 
8.320850e-05 8.344700e-05 
8.416220e-05 8.511590e-05 
8.463910e-05 8.535430e-05 
8.726170e-05 8.463910e-05 
8.559270e-05 8.630800e-05 
8.630800e-05 8.583120e-05 
8.630800e-05 8.606960e-05 
8.606960e-05 8.702320e-05 
8.797690e-05 8.869220e-05 
8.702320e-05 8.726170e-05 
8.773850e-05 8.964590e-05 
8.869220e-05 8.773850e-05 
8.821530e-05 9.012270e-05 
8.845380e-05 8.821530e-05 
8.916900e-05 8.964590e-05 
8.940740e-05 8.964590e-05 
8.988430e-05 9.012270e-05 
8.988430e-05 9.059950e-05 
8.964590e-05 9.036110e-05 
9.131480e-05 9.179160e-05 
9.250690e-05 9.107640e-05 
9.298370e-05 9.274530e-05 
9.226850e-05 9.346050e-05 
9.393740e-05 9.393740e-05 
9.417580e-05 9.560630e-05 
9.417580e-05 9.465260e-05 
9.536790e-05 9.632160e-05 
9.632160e-05 9.656000e-05 
9.608320e-05 9.584470e-05 
9.608320e-05 9.632160e-05 
9.632160e-05 9.632160e-05 
9.656000e-05 9.679840e-05 
9.870580e-05 9.799050e-05 
9.894420e-05 9.846730e-05 
9.846730e-05 9.822890e-05 
1.003750e-04 9.894420e-05 
9.965940e-05 1.010900e-04 
9.965940e-05 1.013280e-04 
1.008520e-04 1.013280e-04 
1.015670e-04 1.013280e-04 
1.015670e-04 1.022820e-04 
1.022820e-04 1.025200e-04 
1.029970e-04 1.032360e-04 
1.037130e-04 1.046660e-04 
1.044280e-04 1.051430e-04 
1.056200e-04 1.046660e-04 
1.046660e-04 1.044280e-04 
1.065740e-04 1.060970e-04 
1.065740e-04 1.068120e-04 
1.060970e-04 1.060970e-04 
1.072890e-04 1.068120e-04 
1.065740e-04 1.084810e-04 
1.087190e-04 1.077660e-04 
1.084810e-04 1.084810e-04 
1.077660e-04 1.091960e-04 
1.099110e-04 1.084810e-04 
1.091960e-04 1.089580e-04 
1.094350e-04 1.099110e-04 
1.091960e-04 1.091960e-04 
1.111040e-04 1.108650e-04 
1.106270e-04 1.101500e-04 
1.118190e-04 1.101500e-04 
1.106270e-04 1.115800e-04 
1.122960e-04 1.108650e-04 
1.108650e-04 1.118190e-04 
1.122960e-04 1.127720e-04 
1.120570e-04 1.127720e-04 
1.125340e-04 1.122960e-04 
1.125340e-04 1.120570e-04 
1.130110e-04 1.127720e-04 
1.122960e-04 1.134880e-04 
1.120570e-04 1.130110e-04 
1.120570e-04 1.137260e-04 
1.122960e-04 1.130110e-04 
1.137260e-04 1.134880e-04 
1.134880e-04 1.127720e-04 
1.137260e-04 1.134880e-04 
1.134880e-04 1.130110e-04 
1.134880e-04 1.130110e-04 
1.130110e-04 1.134880e-04 
1.137260e-04 1.139650e-04 
1.125340e-04 1.132490e-04 
1.139650e-04 1.130110e-04 
1.127720e-04 1.137260e-04 
1.134880e-04 1.127720e-04 
1.127720e-04 1.130110e-04 
1.127720e-04 1.137260e-04 
1.139650e-04 1.142030e-04 
1.134880e-04 1.139650e-04 
1.127720e-04 1.125340e-04 
1.132490e-04 1.134880e-04 
1.134880e-04 1.130110e-04 
1.134880e-04 1.139650e-04 
1.127720e-04 1.132490e-04 
1.127720e-04 1.144410e-04 
1.137260e-04 1.130110e-04 
1.139650e-04 1.134880e-04 
1.139650e-04 1.132490e-04 
1.127720e-04 1.094350e-04 
1.127720e-04 1.122960e-04 
1.130110e-04 1.127720e-04 
1.134880e-04 1.130110e-04 
1.142030e-04 1.125340e-04 
1.142030e-04 1.132490e-04 
1.127720e-04 1.139650e-04 
1.125340e-04 1.127720e-04 
1.127720e-04 1.132490e-04 
1.132490e-04 1.130110e-04 
1.127720e-04 1.127720e-04 
1.125340e-04 1.125340e-04 
1.132490e-04 1.122960e-04 
1.127720e-04 1.130110e-04 
1.137260e-04 1.127720e-04 
1.130110e-04 1.122960e-04 
1.127720e-04 1.118190e-04 
1.122960e-04 1.118190e-04 
1.115800e-04 1.122960e-04 
1.120570e-04 1.120570e-04 
1.125340e-04 1.125340e-04 
1.115800e-04 1.127720e-04 
1.118190e-04 1.120570e-04 
1.106270e-04 1.106270e-04 
1.111040e-04 1.101500e-04 
1.108650e-04 1.108650e-04 
1.106270e-04 1.103880e-04 
1.096730e-04 1.101500e-04 
1.094350e-04 1.108650e-04 
1.101500e-04 1.101500e-04 
1.094350e-04 1.094350e-04 
1.094350e-04 1.091960e-04 
1.084810e-04 1.089580e-04 
1.077660e-04 1.087190e-04 
1.084810e-04 1.075270e-04 
1.072890e-04 1.065740e-04 
1.065740e-04 1.060970e-04 
1.056200e-04 1.058580e-04 
1.060970e-04 1.063350e-04 
1.041890e-04 1.044280e-04 
1.056200e-04 1.034740e-04 
1.039510e-04 1.037130e-04 
1.022820e-04 1.018050e-04 
1.027590e-04 1.008520e-04 
1.010900e-04 1.018050e-04 
1.013280e-04 1.013280e-04 
1.018050e-04 1.013280e-04 
9.942100e-05 9.965940e-05 
9.846730e-05 9.822890e-05 
9.846730e-05 9.727520e-05 
9.775210e-05 9.703680e-05 
9.679840e-05 9.727520e-05 
9.656000e-05 9.608320e-05 
9.679840e-05 9.417580e-05 
9.560630e-05 9.369900e-05 
9.393740e-05 9.226850e-05 
9.369900e-05 9.465260e-05 
9.274530e-05 9.369900e-05 
9.179160e-05 9.250690e-05 
9.107640e-05 9.083790e-05 
9.107640e-05 9.107640e-05 
9.107640e-05 8.964590e-05 
9.179160e-05 8.869220e-05 
9.012270e-05 8.726170e-05 
8.702320e-05 8.750010e-05 
8.797690e-05 8.964590e-05 
8.726170e-05 8.773850e-05 
8.726170e-05 8.916900e-05 
8.773850e-05 8.726170e-05 
8.583120e-05 8.726170e-05 
8.702320e-05 8.726170e-05 
8.511590e-05 8.630800e-05 
8.583120e-05 8.559270e-05 
8.726170e-05 8.535430e-05 
8.320850e-05 8.511590e-05 
8.392380e-05 8.344700e-05 
8.320850e-05 8.392380e-05 
8.273170e-05 8.344700e-05 
8.392380e-05 8.416220e-05 
8.249330e-05 8.249330e-05 
8.249330e-05 8.130120e-05 
8.106280e-05 8.153960e-05 
8.320850e-05 8.297010e-05 
8.463910e-05 8.249330e-05 
8.177800e-05 8.368540e-05 
8.010910e-05 8.034750e-05 
8.273170e-05 8.463910e-05 
8.344700e-05 8.249330e-05 
8.034750e-05 8.463910e-05 
8.249330e-05 8.225490e-05 
8.416220e-05 8.344700e-05 
8.249330e-05 8.297010e-05 
8.297010e-05 8.249330e-05 
8.392380e-05 8.297010e-05 
8.177800e-05 8.106280e-05 
8.130120e-05 8.392380e-05 
8.249330e-05 8.368540e-05 
8.297010e-05 8.463910e-05 
8.583120e-05 8.535430e-05 
8.583120e-05 8.249330e-05 
8.392380e-05 8.297010e-05 
8.535430e-05 8.606960e-05 
8.297010e-05 8.583120e-05 
8.726170e-05 9.059950e-05 
8.797690e-05 8.750010e-05 
8.773850e-05 8.750010e-05 
8.940740e-05 8.845380e-05 
8.845380e-05 9.059950e-05 
8.964590e-05 8.821530e-05 
9.131480e-05 9.012270e-05 
8.893060e-05 8.845380e-05 
8.964590e-05 8.964590e-05 
8.940740e-05 9.036110e-05 
8.869220e-05 8.845380e-05 
8.940740e-05 8.988430e-05 
8.964590e-05 8.964590e-05 
9.012270e-05 9.059950e-05 
8.988430e-05 9.059950e-05 
8.964590e-05 9.012270e-05 
8.964590e-05 9.059950e-05 
9.179160e-05 9.203000e-05 
9.012270e-05 9.012270e-05 
9.012270e-05 8.845380e-05 
9.155320e-05 8.988430e-05 
9.036110e-05 8.964590e-05 
9.179160e-05 8.797690e-05 
8.797690e-05 8.893060e-05 
8.916900e-05 8.988430e-05 
9.059950e-05 8.869220e-05 
8.869220e-05 8.964590e-05 
9.012270e-05 8.773850e-05 
8.893060e-05 8.964590e-05 
8.893060e-05 9.012270e-05 
9.059950e-05 9.226850e-05 
8.845380e-05 9.012270e-05 
9.036110e-05 8.869220e-05 
8.916900e-05 8.845380e-05 
9.012270e-05 9.083790e-05 
8.893060e-05 8.893060e-05 
8.964590e-05 9.012270e-05 
8.964590e-05 9.012270e-05 
9.059950e-05 8.845380e-05 
9.012270e-05 8.964590e-05 
8.916900e-05 9.059950e-05 
9.012270e-05 8.964590e-05 
8.893060e-05 9.179160e-05 
9.059950e-05 9.131480e-05 
9.179160e-05 8.869220e-05 
8.964590e-05 9.107640e-05 
9.083790e-05 8.750010e-05 
8.845380e-05 8.821530e-05 
8.893060e-05 8.916900e-05 
8.964590e-05 9.012270e-05 
8.893060e-05 8.893060e-05 
8.750010e-05 9.036110e-05 
8.797690e-05 8.964590e-05 
8.964590e-05 9.179160e-05 
8.821530e-05 8.940740e-05 
9.012270e-05 8.893060e-05 
9.036110e-05 8.821530e-05 
8.964590e-05 9.274530e-05 
8.893060e-05 9.012270e-05 
8.964590e-05 8.845380e-05 
8.964590e-05 8.797690e-05 
9.059950e-05 9.083790e-05 
9.012270e-05 9.107640e-05 
8.964590e-05 8.797690e-05 
8.988430e-05 9.059950e-05 
8.893060e-05 8.893060e-05 
8.940740e-05 9.059950e-05 
8.869220e-05 8.893060e-05 
8.845380e-05 8.869220e-05 
9.036110e-05 9.107640e-05 
9.059950e-05 9.131480e-05 
8.797690e-05 8.964590e-05 
8.964590e-05 9.107640e-05 
9.012270e-05 8.988430e-05 
9.179160e-05 9.059950e-05 
