1.678480e-04 1.721390e-04 
1.738080e-04 1.752390e-04 
1.771460e-04 1.769080e-04 
1.778610e-04 1.788150e-04 
1.783380e-04 1.781000e-04 
1.788150e-04 1.776230e-04 
1.778610e-04 1.778610e-04 
1.764310e-04 1.761920e-04 
1.757150e-04 1.747620e-04 
1.742850e-04 1.742850e-04 
1.757150e-04 1.811990e-04 
1.809610e-04 1.809610e-04 
1.790530e-04 1.781000e-04 
1.771460e-04 1.750000e-04 
1.752390e-04 1.740460e-04 
1.721390e-04 1.723780e-04 
1.704700e-04 1.692780e-04 
1.692780e-04 1.676090e-04 
1.678480e-04 1.676090e-04 
1.666560e-04 1.652250e-04 
1.654630e-04 1.635560e-04 
1.635560e-04 1.630790e-04 
1.614100e-04 1.606950e-04 
1.609330e-04 1.602180e-04 
1.599800e-04 1.580720e-04 
1.571190e-04 1.571190e-04 
1.566420e-04 1.554500e-04 
1.549730e-04 1.544960e-04 
1.544960e-04 1.528270e-04 
1.525890e-04 1.525890e-04 
1.518740e-04 1.516350e-04 
1.506810e-04 1.518740e-04 
1.513970e-04 1.499660e-04 
1.494890e-04 1.490130e-04 
1.499660e-04 1.492510e-04 
1.492510e-04 1.485360e-04 
1.487740e-04 1.485360e-04 
1.478200e-04 1.492510e-04 
1.487740e-04 1.482970e-04 
1.494890e-04 1.494890e-04 
1.478200e-04 1.490130e-04 
1.478200e-04 1.487740e-04 
1.487740e-04 1.487740e-04 
1.478200e-04 1.478200e-04 
1.490130e-04 1.482970e-04 
1.482970e-04 1.473440e-04 
1.485360e-04 1.485360e-04 
1.482970e-04 1.482970e-04 
1.487740e-04 1.487740e-04 
1.485360e-04 1.485360e-04 
1.478200e-04 1.478200e-04 
1.471050e-04 1.471050e-04 
1.482970e-04 1.485360e-04 
1.485360e-04 1.482970e-04 
1.482970e-04 1.475820e-04 
1.478200e-04 1.482970e-04 
1.471050e-04 1.480590e-04 
1.482970e-04 1.475820e-04 
1.480590e-04 1.478200e-04 
1.473440e-04 1.480590e-04 
1.482970e-04 1.471050e-04 
1.478200e-04 1.478200e-04 
1.478200e-04 1.482970e-04 
1.485360e-04 1.482970e-04 
1.473440e-04 1.475820e-04 
1.471050e-04 1.478200e-04 
1.480590e-04 1.468670e-04 
1.471050e-04 1.480590e-04 
1.466280e-04 1.480590e-04 
1.475820e-04 1.478200e-04 
1.468670e-04 1.480590e-04 
1.478200e-04 1.480590e-04 
1.471050e-04 1.471050e-04 
1.478200e-04 1.471050e-04 
1.471050e-04 1.471050e-04 
1.475820e-04 1.468670e-04 
1.475820e-04 1.480590e-04 
1.482970e-04 1.480590e-04 
1.478200e-04 1.478200e-04 
1.471050e-04 1.471050e-04 
1.471050e-04 1.482970e-04 
1.480590e-04 1.482970e-04 
1.478200e-04 1.466280e-04 
1.466280e-04 1.471050e-04 
1.471050e-04 1.480590e-04 
1.480590e-04 1.468670e-04 
1.468670e-04 1.482970e-04 
1.468670e-04 1.471050e-04 
1.478200e-04 1.473440e-04 
1.466280e-04 1.478200e-04 
1.468670e-04 1.473440e-04 
1.471050e-04 1.466280e-04 
1.475820e-04 1.475820e-04 
1.466280e-04 1.468670e-04 
1.468670e-04 1.471050e-04 
1.463900e-04 1.473440e-04 
1.473440e-04 1.478200e-04 
1.471050e-04 1.466280e-04 
1.473440e-04 1.478200e-04 
1.468670e-04 1.482970e-04 
1.466280e-04 1.471050e-04 
1.471050e-04 1.478200e-04 
1.468670e-04 1.478200e-04 
1.466280e-04 1.473440e-04 
1.478200e-04 1.466280e-04 
1.461520e-04 1.478200e-04 
1.475820e-04 1.468670e-04 
1.461520e-04 1.473440e-04 
1.466280e-04 1.461520e-04 
1.468670e-04 1.473440e-04 
1.466280e-04 1.471050e-04 
1.468670e-04 1.459130e-04 
1.463900e-04 1.468670e-04 
1.466280e-04 1.466280e-04 
1.480590e-04 1.478200e-04 
1.473440e-04 1.482970e-04 
1.478200e-04 1.480590e-04 
1.494890e-04 1.490130e-04 
1.487740e-04 1.499660e-04 
1.499660e-04 1.497280e-04 
1.504430e-04 1.516350e-04 
1.506810e-04 1.513970e-04 
1.523500e-04 1.528270e-04 
1.521120e-04 1.533040e-04 
1.544960e-04 1.537810e-04 
1.556880e-04 1.561650e-04 
1.556880e-04 1.575960e-04 
1.571190e-04 1.575960e-04 
1.583110e-04 1.592650e-04 
1.585490e-04 1.592650e-04 
1.604570e-04 1.599800e-04 
1.609330e-04 1.626020e-04 
1.621260e-04 1.637940e-04 
1.654630e-04 1.666560e-04 
1.671320e-04 1.685630e-04 
1.697550e-04 1.697550e-04 
1.716620e-04 1.719010e-04 
1.711850e-04 1.714240e-04 
1.716620e-04 1.714240e-04 
1.709470e-04 1.716620e-04 
1.726160e-04 1.726160e-04 
1.726160e-04 1.733310e-04 
1.745230e-04 1.771460e-04 
1.788150e-04 1.802450e-04 
1.831060e-04 1.842980e-04 
1.862060e-04 1.888280e-04 
1.909740e-04 1.919280e-04 
1.928820e-04 1.943120e-04 
1.950270e-04 1.964580e-04 
1.957430e-04 1.955040e-04 
1.959810e-04 1.940740e-04 
1.933580e-04 1.919280e-04 
1.916890e-04 1.900210e-04 
1.890670e-04 1.893050e-04 
1.888280e-04 1.881130e-04 
1.893050e-04 1.893050e-04 
1.912130e-04 1.931200e-04 
1.952660e-04 1.969350e-04 
2.009880e-04 2.031340e-04 
2.074250e-04 2.107630e-04 
2.155310e-04 2.191080e-04 
2.226840e-04 2.267370e-04 
2.303130e-04 2.326970e-04 
2.369890e-04 2.391350e-04 
2.417570e-04 2.441420e-04 
2.462880e-04 2.462880e-04 
2.467650e-04 2.474800e-04 
2.467650e-04 2.462880e-04 
2.462880e-04 2.448580e-04 
2.429490e-04 2.408040e-04 
2.367510e-04 2.341280e-04 
2.305520e-04 2.279290e-04 
2.253060e-04 2.219690e-04 
2.179160e-04 2.152930e-04 
2.131470e-04 2.102860e-04 
2.088560e-04 2.064710e-04 
2.059950e-04 2.064710e-04 
2.074250e-04 2.090940e-04 
2.119550e-04 2.136240e-04 
2.181540e-04 2.214920e-04 
2.269750e-04 2.324590e-04 
2.393730e-04 2.443810e-04 
2.512950e-04 2.584480e-04 
2.653620e-04 2.725140e-04 
2.794280e-04 2.858660e-04 
2.927800e-04 3.006480e-04 
3.070850e-04 3.144760e-04 
3.211520e-04 3.266350e-04 
3.325960e-04 3.390330e-04 
3.428480e-04 3.480930e-04 
3.523850e-04 3.564380e-04 
3.604910e-04 3.650210e-04 
3.669280e-04 3.700270e-04 
3.724120e-04 3.750340e-04 
3.755110e-04 3.776570e-04 
3.776570e-04 3.776570e-04 
3.781340e-04 3.776570e-04 
3.764650e-04 3.747960e-04 
3.736040e-04 3.697890e-04 
3.671660e-04 3.643050e-04 
3.600140e-04 3.547690e-04 
3.492850e-04 3.447550e-04 
3.392720e-04 3.323570e-04 
3.256820e-04 3.173370e-04 
3.097080e-04 3.027930e-04 
2.944490e-04 2.861040e-04 
2.791900e-04 2.713220e-04 
2.622620e-04 2.551100e-04 
2.477190e-04 2.415190e-04 
2.341280e-04 2.293600e-04 
2.238760e-04 2.200610e-04 
2.172000e-04 2.155310e-04 
2.148160e-04 2.145780e-04 
2.164850e-04 2.179160e-04 
2.212530e-04 2.267370e-04 
2.322210e-04 2.377040e-04 
2.450960e-04 2.532020e-04 
2.622620e-04 2.727530e-04 
2.822890e-04 2.925410e-04 
3.039860e-04 3.156680e-04 
3.275890e-04 3.404640e-04 
3.526230e-04 3.650210e-04 
3.776570e-04 3.905310e-04 
4.019760e-04 4.141350e-04 
4.274860e-04 4.396460e-04 
4.510900e-04 4.642030e-04 
4.763620e-04 4.870910e-04 
4.994910e-04 5.090270e-04 
5.197560e-04 5.312000e-04 
5.409750e-04 5.500350e-04 
5.595720e-04 5.686320e-04 
5.779300e-04 5.869900e-04 
5.948580e-04 6.034410e-04 
6.125010e-04 6.189380e-04 
6.272830e-04 6.332430e-04 
6.406340e-04 6.480250e-04 
6.549400e-04 6.606620e-04 
6.666220e-04 6.723440e-04 
6.797350e-04 6.840270e-04 
6.899870e-04 6.954710e-04 
6.992850e-04 7.042920e-04 
7.102530e-04 7.147830e-04 
7.185970e-04 7.233660e-04 
7.271800e-04 7.326640e-04 
7.348100e-04 7.393400e-04 
7.426780e-04 7.464920e-04 
7.484000e-04 7.522140e-04 
7.548370e-04 7.569830e-04 
7.598440e-04 7.622280e-04 
7.634200e-04 7.655660e-04 
7.655660e-04 7.674730e-04 
7.679500e-04 7.681880e-04 
7.691420e-04 7.684270e-04 
7.689040e-04 7.674730e-04 
7.665190e-04 7.655660e-04 
7.636580e-04 7.607970e-04 
7.584130e-04 7.548370e-04 
7.500690e-04 7.469690e-04 
7.414860e-04 7.369560e-04 
7.302800e-04 7.245580e-04 
7.176440e-04 7.100140e-04 
7.021460e-04 6.940400e-04 
6.835500e-04 6.737750e-04 
6.639990e-04 6.530320e-04 
6.406340e-04 6.282370e-04 
6.156000e-04 6.005800e-04 
5.874670e-04 5.707780e-04 
5.552810e-04 5.397830e-04 
5.226170e-04 5.054510e-04 
4.866140e-04 4.689710e-04 
4.496590e-04 4.298710e-04 
4.129430e-04 3.933930e-04 
3.747960e-04 3.571530e-04 
3.390330e-04 3.204360e-04 
3.027930e-04 2.856270e-04 
2.701300e-04 2.539180e-04 
2.388960e-04 2.248300e-04 
2.112400e-04 1.990800e-04 
1.881130e-04 1.761920e-04 
1.668940e-04 1.587880e-04 
1.513970e-04 1.440060e-04 
1.382840e-04 1.337540e-04 
1.301770e-04 1.277930e-04 
1.268400e-04 1.268400e-04 
1.280320e-04 1.299390e-04 
1.325620e-04 1.370920e-04 
1.420980e-04 1.485360e-04 
1.566420e-04 1.654630e-04 
1.754770e-04 1.859670e-04 
1.988420e-04 2.124320e-04 
2.276910e-04 2.427110e-04 
2.613090e-04 2.777600e-04 
2.958790e-04 3.156680e-04 
3.356950e-04 3.571530e-04 
3.783720e-04 3.991150e-04 
4.227180e-04 4.441760e-04 
4.673020e-04 4.911460e-04 
5.135570e-04 5.376380e-04 
5.614790e-04 5.829370e-04 
6.067790e-04 6.291900e-04 
6.516020e-04 6.742510e-04 
6.969010e-04 7.171670e-04 
7.395780e-04 7.610360e-04 
7.813010e-04 8.010900e-04 
8.208790e-04 8.404290e-04 
8.599800e-04 8.771460e-04 
8.955040e-04 9.136240e-04 
9.291210e-04 9.462870e-04 
9.629760e-04 9.782390e-04 
9.942130e-04 1.009470e-03 
1.023300e-03 1.038080e-03 
1.051910e-03 1.064780e-03 
1.078140e-03 1.091730e-03 
1.102690e-03 1.115810e-03 
1.126300e-03 1.137980e-03 
1.148470e-03 1.158240e-03 
1.168740e-03 1.178270e-03 
1.188290e-03 1.198300e-03 
1.206640e-03 1.215470e-03 
1.224290e-03 1.232630e-03 
1.240500e-03 1.248130e-03 
1.254570e-03 1.262430e-03 
1.270540e-03 1.276500e-03 
1.283180e-03 1.289850e-03 
1.295340e-03 1.302490e-03 
1.308450e-03 1.312980e-03 
1.318460e-03 1.324660e-03 
1.328950e-03 1.333720e-03 
1.339680e-03 1.344450e-03 
1.348260e-03 1.353750e-03 
1.358990e-03 1.362810e-03 
1.366860e-03 1.370910e-03 
1.375210e-03 1.378780e-03 
1.382600e-03 1.386410e-03 
1.390460e-03 1.393330e-03 
1.396900e-03 1.399290e-03 
1.402620e-03 1.406200e-03 
1.410970e-03 1.412640e-03 
1.417410e-03 1.419550e-03 
1.422410e-03 1.425270e-03 
1.429330e-03 1.432430e-03 
1.434570e-03 1.437910e-03 
1.441960e-03 1.442920e-03 
1.446970e-03 1.450070e-03 
1.454120e-03 1.455310e-03 
1.459130e-03 1.462940e-03 
1.466280e-03 1.468670e-03 
1.473200e-03 1.475100e-03 
1.478920e-03 1.481780e-03 
1.485120e-03 1.487500e-03 
1.491790e-03 1.495130e-03 
1.498710e-03 1.501810e-03 
1.506100e-03 1.509910e-03 
1.513730e-03 1.516830e-03 
1.519930e-03 1.525170e-03 
1.528750e-03 1.533520e-03 
1.536620e-03 1.541150e-03 
1.545200e-03 1.549250e-03 
1.553780e-03 1.558790e-03 
1.563320e-03 1.565940e-03 
1.571420e-03 1.576190e-03 
1.580960e-03 1.584540e-03 
1.589310e-03 1.595030e-03 
1.600270e-03 1.605520e-03 
1.609090e-03 1.614820e-03 
1.621490e-03 1.625070e-03 
1.630550e-03 1.636040e-03 
1.640800e-03 1.646290e-03 
1.652250e-03 1.657250e-03 
1.661780e-03 1.668940e-03 
1.672990e-03 1.679900e-03 
1.683720e-03 1.689920e-03 
1.694450e-03 1.700170e-03 
1.706610e-03 1.712090e-03 
1.717340e-03 1.723060e-03 
1.728780e-03 1.733790e-03 
1.741180e-03 1.747380e-03 
1.751430e-03 1.757390e-03 
1.764070e-03 1.768600e-03 
1.773600e-03 1.779560e-03 
1.784570e-03 1.790050e-03 
1.797920e-03 1.802690e-03 
1.809130e-03 1.814610e-03 
1.817950e-03 1.825100e-03 
1.830110e-03 1.836780e-03 
1.841550e-03 1.847510e-03 
1.852280e-03 1.857770e-03 
1.862060e-03 1.867780e-03 
1.873980e-03 1.878750e-03 
1.883510e-03 1.889710e-03 
1.895440e-03 1.899970e-03 
1.905210e-03 1.910220e-03 
1.915700e-03 1.921180e-03 
1.926190e-03 1.931910e-03 
1.935730e-03 1.941450e-03 
1.946460e-03 1.952420e-03 
1.956950e-03 1.961250e-03 
1.965540e-03 1.971970e-03 
1.974120e-03 1.981990e-03 
1.985090e-03 1.990570e-03 
1.994620e-03 1.999870e-03 
2.004160e-03 2.009410e-03 
2.011790e-03 2.017040e-03 
2.022760e-03 2.025140e-03 
2.029910e-03 2.035630e-03 
2.038970e-03 2.042310e-03 
2.048030e-03 2.052080e-03 
2.055420e-03 2.058280e-03 
2.062570e-03 2.067580e-03 
2.072110e-03 2.075450e-03 
2.076880e-03 2.082360e-03 
2.086650e-03 2.089040e-03 
2.092140e-03 2.096910e-03 
2.098340e-03 2.102150e-03 
2.104300e-03 2.108830e-03 
2.112170e-03 2.114790e-03 
2.117650e-03 2.120750e-03 
2.122420e-03 2.125990e-03 
2.127660e-03 2.130280e-03 
2.131950e-03 2.134810e-03 
2.135050e-03 2.137910e-03 
2.140300e-03 2.139580e-03 
2.143160e-03 2.142680e-03 
2.143640e-03 2.145780e-03 
2.146500e-03 2.146740e-03 
2.146260e-03 2.146740e-03 
2.145540e-03 2.145780e-03 
2.145540e-03 2.143640e-03 
2.144110e-03 2.142210e-03 
2.140540e-03 2.139110e-03 
2.136960e-03 2.132910e-03 
2.131480e-03 2.128850e-03 
2.125280e-03 2.122420e-03 
2.115740e-03 2.112640e-03 
2.107640e-03 2.101440e-03 
2.096190e-03 2.089520e-03 
2.081650e-03 2.077120e-03 
2.068300e-03 2.060430e-03 
2.051130e-03 2.042310e-03 
2.031100e-03 2.021800e-03 
2.010840e-03 1.999630e-03 
1.987470e-03 1.975790e-03 
1.961480e-03 1.947170e-03 
1.933580e-03 1.915460e-03 
1.899250e-03 1.883040e-03 
1.868020e-03 1.846080e-03 
1.828440e-03 1.808410e-03 
1.787910e-03 1.765500e-03 
1.744520e-03 1.721390e-03 
1.698020e-03 1.673230e-03 
1.647000e-03 1.620060e-03 
1.593360e-03 1.563080e-03 
1.537330e-03 1.504910e-03 
1.475340e-03 1.444110e-03 
1.411920e-03 1.379970e-03 
1.345640e-03 1.311070e-03 
1.276980e-03 1.244080e-03 
1.207360e-03 1.173980e-03 
1.137500e-03 1.101980e-03 
1.064310e-03 1.027350e-03 
9.920670e-04 9.563010e-04 
9.191070e-04 8.831060e-04 
8.454360e-04 8.108650e-04 
7.751030e-04 7.436310e-04 
7.076300e-04 6.742510e-04 
6.418270e-04 6.084480e-04 
5.774540e-04 5.474130e-04 
5.152260e-04 4.870910e-04 
4.577660e-04 4.305860e-04 
4.048370e-04 3.790870e-04 
3.547690e-04 3.309270e-04 
3.078000e-04 2.865810e-04 
2.684610e-04 2.474800e-04 
2.305520e-04 2.124320e-04 
1.964580e-04 1.804840e-04 
1.666560e-04 1.528270e-04 
1.413830e-04 1.280320e-04 
1.175410e-04 1.065740e-04 
9.703680e-05 8.893060e-05 
7.963230e-05 7.271810e-05 
6.628080e-05 5.865120e-05 
5.364440e-05 4.816080e-05 
4.363080e-05 3.981610e-05 
3.480930e-05 3.170990e-05 
2.813350e-05 2.646460e-05 
2.360360e-05 2.121940e-05 
1.955040e-05 1.764310e-05 
1.668940e-05 5.960490e-06 
9.536800e-06 1.144420e-05 
1.168260e-05 1.120570e-05 
1.072890e-05 8.583130e-06 
8.821550e-06 9.298380e-06 
8.583130e-06 8.583130e-06 
8.583130e-06 8.106290e-06 
6.914170e-06 6.437330e-06 
7.629450e-06 6.437330e-06 
7.152590e-06 7.152590e-06 
5.960490e-06 7.152590e-06 
6.198910e-06 7.152590e-06 
7.629450e-06 7.152590e-06 
7.152590e-06 6.437330e-06 
8.106290e-06 7.152590e-06 
8.106290e-06 7.629450e-06 
8.344710e-06 9.536800e-06 
1.025210e-05 1.144420e-05 
1.144420e-05 1.144420e-05 
1.358990e-05 1.478200e-05 
1.668940e-05 1.931200e-05 
2.121940e-05 2.360360e-05 
2.646460e-05 2.861030e-05 
3.194830e-05 3.552460e-05 
4.076980e-05 4.553820e-05 
5.269070e-05 5.698230e-05 
6.485030e-05 7.057240e-05 
8.010910e-05 8.845380e-05 
9.751370e-05 1.068120e-04 
1.196870e-04 1.306540e-04 
1.444830e-04 1.580720e-04 
1.719010e-04 1.885900e-04 
2.043260e-04 2.231610e-04 
2.412810e-04 2.615470e-04 
2.815740e-04 3.049390e-04 
3.273510e-04 3.531000e-04 
3.781340e-04 4.043600e-04 
4.313010e-04 4.584810e-04 
4.894770e-04 5.176100e-04 
5.476510e-04 5.805530e-04 
6.113090e-04 6.444490e-04 
6.773510e-04 7.126370e-04 
7.455390e-04 7.810630e-04 
8.146800e-04 8.511580e-04 
8.881130e-04 9.231600e-04 
9.596390e-04 9.980280e-04 
1.034270e-03 1.072180e-03 
1.109850e-03 1.146800e-03 
1.183280e-03 1.221430e-03 
1.259330e-03 1.295810e-03 
1.334440e-03 1.369720e-03 
1.408580e-03 1.443160e-03 
1.480110e-03 1.516830e-03 
1.552110e-03 1.586210e-03 
1.620540e-03 1.655590e-03 
1.688960e-03 1.721870e-03 
1.753100e-03 1.786000e-03 
1.815560e-03 1.849660e-03 
1.876360e-03 1.909980e-03 
1.937400e-03 1.968400e-03 
1.994620e-03 2.022280e-03 
2.050180e-03 2.074020e-03 
2.099290e-03 2.126710e-03 
2.151030e-03 2.171770e-03 
2.197280e-03 2.218500e-03 
2.240910e-03 2.262610e-03 
2.283830e-03 2.302900e-03 
2.321500e-03 2.341290e-03 
2.360600e-03 2.378240e-03 
2.397080e-03 2.414240e-03 
2.431880e-03 2.446900e-03 
2.461210e-03 2.475750e-03 
2.491730e-03 2.504130e-03 
2.517000e-03 2.531070e-03 
2.545610e-03 2.557530e-03 
2.568500e-03 2.578510e-03 
2.589720e-03 2.594250e-03 
2.595200e-03 2.596390e-03 
2.597820e-03 2.599250e-03 
2.599730e-03 2.602830e-03 
2.603550e-03 2.603780e-03 
2.603070e-03 2.605450e-03 
2.604500e-03 2.605450e-03 
2.604980e-03 2.605450e-03 
2.607120e-03 2.608080e-03 
2.608080e-03 2.608080e-03 
2.607600e-03 2.608550e-03 
2.609030e-03 2.609270e-03 
2.609030e-03 2.611180e-03 
2.611410e-03 2.609270e-03 
2.611410e-03 2.611890e-03 
2.612610e-03 2.612130e-03 
2.613080e-03 2.611410e-03 
2.611180e-03 2.614750e-03 
2.611650e-03 2.612610e-03 
2.613320e-03 2.613560e-03 
2.613080e-03 2.614270e-03 
2.612610e-03 2.613320e-03 
2.614750e-03 2.613080e-03 
2.614750e-03 2.614270e-03 
2.613320e-03 2.614270e-03 
2.615230e-03 2.616180e-03 
2.615710e-03 6.437330e-06 
6.437330e-06 6.675750e-06 
6.914170e-06 7.867870e-06 
7.152590e-06 7.629450e-06 
7.867870e-06 7.629450e-06 
6.914170e-06 6.914170e-06 
7.629450e-06 7.629450e-06 
7.152590e-06 7.391010e-06 
7.867870e-06 6.914170e-06 
7.629450e-06 7.629450e-06 
6.675750e-06 6.914170e-06 
7.391010e-06 7.629450e-06 
7.152590e-06 6.675750e-06 
7.629450e-06 7.867870e-06 
6.675750e-06 8.106290e-06 
7.152590e-06 8.106290e-06 
7.391010e-06 7.152590e-06 
7.152590e-06 6.914170e-06 
6.914170e-06 6.437330e-06 
7.629450e-06 7.391010e-06 
7.391010e-06 7.152590e-06 
7.152590e-06 7.629450e-06 
7.391010e-06 6.437330e-06 
7.629450e-06 7.391010e-06 
7.152590e-06 6.198910e-06 
6.437330e-06 6.437330e-06 
6.437330e-06 7.629450e-06 
6.437330e-06 6.914170e-06 
6.675750e-06 6.437330e-06 
7.152590e-06 6.437330e-06 
6.198910e-06 6.675750e-06 
6.437330e-06 6.675750e-06 
6.437330e-06 7.629450e-06 
7.152590e-06 7.391010e-06 
7.629450e-06 7.152590e-06 
6.198910e-06 7.629450e-06 
6.437330e-06 6.675750e-06 
6.675750e-06 6.675750e-06 
7.152590e-06 6.675750e-06 
6.914170e-06 7.391010e-06 
7.152590e-06 6.675750e-06 
7.629450e-06 7.152590e-06 
6.675750e-06 7.152590e-06 
6.914170e-06 6.675750e-06 
6.437330e-06 7.629450e-06 
7.152590e-06 6.437330e-06 
7.629450e-06 7.867870e-06 
7.391010e-06 6.675750e-06 
7.867870e-06 7.629450e-06 
6.437330e-06 6.437330e-06 
6.437330e-06 6.198910e-06 
6.437330e-06 7.152590e-06 
7.629450e-06 6.437330e-06 
6.675750e-06 7.391010e-06 
7.629450e-06 7.629450e-06 
6.914170e-06 7.629450e-06 
6.675750e-06 7.152590e-06 
6.914170e-06 7.629450e-06 
7.152590e-06 6.437330e-06 
7.152590e-06 7.152590e-06 
6.437330e-06 7.629450e-06 
7.391010e-06 6.675750e-06 
7.152590e-06 6.198910e-06 
6.914170e-06 7.152590e-06 
6.437330e-06 6.437330e-06 
7.629450e-06 6.914170e-06 
7.391010e-06 7.867870e-06 
6.675750e-06 6.914170e-06 
7.629450e-06 6.675750e-06 
7.152590e-06 7.629450e-06 
6.437330e-06 7.152590e-06 
7.629450e-06 7.867870e-06 
7.867870e-06 6.437330e-06 
6.675750e-06 7.391010e-06 
7.152590e-06 6.198910e-06 
6.675750e-06 7.391010e-06 
7.867870e-06 6.675750e-06 
7.391010e-06 6.914170e-06 
6.675750e-06 7.867870e-06 
6.437330e-06 6.437330e-06 
6.675750e-06 6.437330e-06 
6.437330e-06 6.437330e-06 
7.152590e-06 7.629450e-06 
6.914170e-06 6.675750e-06 
6.198910e-06 7.152590e-06 
6.675750e-06 7.391010e-06 
7.152590e-06 6.437330e-06 
6.914170e-06 6.437330e-06 
6.437330e-06 6.437330e-06 
7.152590e-06 6.675750e-06 
6.675750e-06 7.391010e-06 
6.437330e-06 7.629450e-06 
6.437330e-06 7.629450e-06 
7.391010e-06 6.437330e-06 
7.391010e-06 6.675750e-06 
7.629450e-06 6.437330e-06 
6.198910e-06 6.437330e-06 
6.675750e-06 6.437330e-06 
6.437330e-06 6.437330e-06 
6.675750e-06 6.198910e-06 
7.629450e-06 7.152590e-06 
6.675750e-06 6.437330e-06 
6.914170e-06 7.152590e-06 
7.391010e-06 6.914170e-06 
7.629450e-06 6.437330e-06 
7.391010e-06 6.675750e-06 
6.914170e-06 6.437330e-06 
6.437330e-06 7.152590e-06 
6.437330e-06 6.437330e-06 
6.675750e-06 7.867870e-06 
7.629450e-06 6.914170e-06 
6.437330e-06 7.867870e-06 
6.914170e-06 7.152590e-06 
7.629450e-06 7.391010e-06 
6.675750e-06 7.629450e-06 
7.867870e-06 7.629450e-06 
8.106290e-06 8.106290e-06 
8.344710e-06 8.106290e-06 
8.106290e-06 7.629450e-06 
7.629450e-06 7.629450e-06 
7.391010e-06 8.583130e-06 
8.344710e-06 7.629450e-06 
7.629450e-06 8.821550e-06 
8.821550e-06 8.106290e-06 
8.583130e-06 8.583130e-06 
8.344710e-06 8.106290e-06 
8.821550e-06 8.344710e-06 
8.344710e-06 8.583130e-06 
8.344710e-06 8.821550e-06 
9.298380e-06 8.583130e-06 
8.583130e-06 9.298380e-06 
9.059960e-06 8.821550e-06 
9.775220e-06 8.583130e-06 
9.298380e-06 9.059960e-06 
9.298380e-06 9.059960e-06 
1.001360e-05 1.049050e-05 
9.536800e-06 1.001360e-05 
9.775220e-06 1.072890e-05 
1.025210e-05 9.536800e-06 
1.049050e-05 9.775220e-06 
1.096730e-05 1.072890e-05 
9.775220e-06 9.775220e-06 
9.775220e-06 1.025210e-05 
1.072890e-05 1.120570e-05 
1.025210e-05 1.144420e-05 
1.144420e-05 1.096730e-05 
1.096730e-05 1.239780e-05 
1.215940e-05 1.239780e-05 
1.144420e-05 1.215940e-05 
1.144420e-05 1.120570e-05 
1.215940e-05 1.263620e-05 
1.263620e-05 1.263620e-05 
1.263620e-05 1.168260e-05 
1.215940e-05 1.215940e-05 
1.287470e-05 1.192100e-05 
1.215940e-05 1.263620e-05 
1.263620e-05 1.239780e-05 
1.239780e-05 1.311310e-05 
1.215940e-05 1.263620e-05 
1.287470e-05 1.263620e-05 
1.335150e-05 1.430520e-05 
1.430520e-05 1.335150e-05 
1.478200e-05 1.525890e-05 
1.454360e-05 1.478200e-05 
1.502040e-05 1.573570e-05 
1.597420e-05 1.525890e-05 
1.478200e-05 1.549730e-05 
1.525890e-05 1.525890e-05 
1.502040e-05 1.525890e-05 
1.597420e-05 1.502040e-05 
1.573570e-05 1.549730e-05 
1.645100e-05 1.549730e-05 
1.525890e-05 1.549730e-05 
1.525890e-05 1.525890e-05 
1.549730e-05 1.502040e-05 
1.525890e-05 1.597420e-05 
1.525890e-05 1.549730e-05 
1.573570e-05 1.478200e-05 
1.525890e-05 1.525890e-05 
1.668940e-05 1.549730e-05 
1.645100e-05 1.597420e-05 
1.645100e-05 1.692780e-05 
1.764310e-05 1.716630e-05 
1.740470e-05 1.716630e-05 
1.811990e-05 1.907360e-05 
1.907360e-05 1.859680e-05 
1.883520e-05 1.931200e-05 
2.050410e-05 2.026570e-05 
1.978890e-05 1.978890e-05 
2.098100e-05 2.145780e-05 
2.026570e-05 2.098100e-05 
2.145780e-05 2.145780e-05 
2.098100e-05 2.193460e-05 
2.145780e-05 2.145780e-05 
2.264990e-05 2.264990e-05 
2.360360e-05 2.360360e-05 
2.288830e-05 2.217300e-05 
2.264990e-05 2.360360e-05 
2.264990e-05 2.336510e-05 
2.264990e-05 2.336510e-05 
2.264990e-05 2.264990e-05 
2.336510e-05 2.288830e-05 
2.288830e-05 2.193460e-05 
2.360360e-05 2.312670e-05 
2.193460e-05 2.169620e-05 
2.193460e-05 2.264990e-05 
2.145780e-05 2.193460e-05 
2.145780e-05 2.098100e-05 
2.121940e-05 2.074250e-05 
2.193460e-05 2.074250e-05 
2.050410e-05 2.050410e-05 
2.026570e-05 2.098100e-05 
2.098100e-05 2.169620e-05 
2.026570e-05 2.074250e-05 
2.098100e-05 2.145780e-05 
2.169620e-05 2.264990e-05 
2.193460e-05 2.288830e-05 
2.312670e-05 2.217300e-05 
2.360360e-05 2.431880e-05 
2.360360e-05 2.408040e-05 
2.431880e-05 2.455720e-05 
2.527250e-05 2.622620e-05 
2.527250e-05 2.670300e-05 
2.694140e-05 2.694140e-05 
2.717980e-05 2.741830e-05 
2.765670e-05 2.837190e-05 
2.861030e-05 2.908720e-05 
3.027930e-05 3.027930e-05 
3.027930e-05 3.004090e-05 
3.147150e-05 3.099460e-05 
3.123310e-05 3.123310e-05 
3.147150e-05 3.194830e-05 
3.266360e-05 3.409410e-05 
3.385570e-05 3.409410e-05 
3.385570e-05 3.480930e-05 
3.433250e-05 3.385570e-05 
3.457090e-05 3.623990e-05 
3.480930e-05 3.480930e-05 
3.576300e-05 3.647830e-05 
3.600140e-05 3.695510e-05 
3.647830e-05 3.671670e-05 
3.743190e-05 3.671670e-05 
3.695510e-05 3.743190e-05 
3.695510e-05 3.790880e-05 
3.886250e-05 3.790880e-05 
3.790880e-05 3.886250e-05 
3.814720e-05 3.886250e-05 
3.838560e-05 4.005460e-05 
3.910090e-05 3.910090e-05 
4.029300e-05 3.933930e-05 
4.053140e-05 3.957770e-05 
3.933930e-05 4.005460e-05 
4.005460e-05 4.005460e-05 
4.029300e-05 4.172350e-05 
4.005460e-05 4.053140e-05 
4.053140e-05 4.124660e-05 
4.100820e-05 4.196190e-05 
4.196190e-05 4.100820e-05 
4.172350e-05 4.100820e-05 
4.076980e-05 4.148510e-05 
4.124660e-05 4.053140e-05 
4.053140e-05 4.076980e-05 
4.076980e-05 4.053140e-05 
4.029300e-05 4.053140e-05 
4.005460e-05 3.981610e-05 
3.981610e-05 4.076980e-05 
3.981610e-05 4.053140e-05 
4.005460e-05 3.933930e-05 
3.957770e-05 3.981610e-05 
3.933930e-05 3.886250e-05 
3.910090e-05 3.814720e-05 
3.814720e-05 3.838560e-05 
3.814720e-05 3.719350e-05 
3.695510e-05 3.695510e-05 
3.623990e-05 3.671670e-05 
3.576300e-05 3.647830e-05 
3.528620e-05 3.480930e-05 
3.480930e-05 3.600140e-05 
3.576300e-05 3.552460e-05 
3.433250e-05 3.433250e-05 
3.457090e-05 3.433250e-05 
3.361730e-05 3.361730e-05 
3.361730e-05 3.409410e-05 
3.361730e-05 3.385570e-05 
3.409410e-05 3.361730e-05 
3.528620e-05 3.409410e-05 
3.528620e-05 3.504780e-05 
3.576300e-05 3.623990e-05 
3.600140e-05 3.552460e-05 
3.623990e-05 3.695510e-05 
3.671670e-05 3.767040e-05 
3.695510e-05 3.814720e-05 
3.814720e-05 3.790880e-05 
3.862400e-05 4.005460e-05 
3.981610e-05 4.076980e-05 
4.053140e-05 4.124660e-05 
4.148510e-05 4.148510e-05 
4.172350e-05 4.315400e-05 
4.339240e-05 4.291560e-05 
4.363080e-05 4.386930e-05 
4.529980e-05 4.506130e-05 
4.529980e-05 4.673030e-05 
4.577660e-05 4.649190e-05 
4.649190e-05 4.696870e-05 
4.744550e-05 4.816080e-05 
4.816080e-05 4.911450e-05 
5.006810e-05 4.911450e-05 
4.959130e-05 5.006810e-05 
5.102180e-05 5.054500e-05 
5.149860e-05 5.078340e-05 
5.126020e-05 5.173710e-05 
5.245230e-05 5.364440e-05 
5.388280e-05 5.245230e-05 
5.507490e-05 5.364440e-05 
5.507490e-05 5.483650e-05 
5.388280e-05 5.412130e-05 
5.483650e-05 5.531330e-05 
5.531330e-05 5.555180e-05 
5.722070e-05 5.674390e-05 
5.626700e-05 5.626700e-05 
5.626700e-05 5.674390e-05 
5.674390e-05 5.674390e-05 
5.698230e-05 5.817440e-05 
5.698230e-05 5.745910e-05 
5.745910e-05 5.817440e-05 
5.865120e-05 5.984330e-05 
5.817440e-05 5.841280e-05 
5.912800e-05 5.936650e-05 
5.841280e-05 5.936650e-05 
5.888960e-05 5.888960e-05 
5.936650e-05 6.127400e-05 
5.912800e-05 6.055860e-05 
5.984330e-05 6.008170e-05 
5.960490e-05 6.055860e-05 
6.079700e-05 6.079700e-05 
6.103560e-05 6.175090e-05 
6.032010e-05 6.222770e-05 
6.127400e-05 6.294300e-05 
6.127400e-05 6.198930e-05 
6.175090e-05 6.222770e-05 
6.365820e-05 6.198930e-05 
6.198930e-05 6.246610e-05 
6.198930e-05 6.341980e-05 
6.175090e-05 6.198930e-05 
6.198930e-05 6.270460e-05 
6.365820e-05 6.341980e-05 
6.413510e-05 6.294300e-05 
6.294300e-05 6.246610e-05 
6.389660e-05 6.318140e-05 
6.341980e-05 6.508870e-05 
6.341980e-05 6.485030e-05 
6.461190e-05 6.365820e-05 
6.604240e-05 6.485030e-05 
6.437350e-05 6.628080e-05 
6.461190e-05 6.485030e-05 
6.485030e-05 6.485030e-05 
6.485030e-05 6.628080e-05 
6.532720e-05 6.508870e-05 
6.532720e-05 6.580400e-05 
6.747290e-05 6.699610e-05 
6.532720e-05 6.532720e-05 
6.675770e-05 6.699610e-05 
6.699610e-05 6.628080e-05 
6.723450e-05 6.699610e-05 
6.771130e-05 6.675770e-05 
6.842660e-05 6.866500e-05 
6.723450e-05 6.818820e-05 
6.794980e-05 6.723450e-05 
6.747290e-05 6.961870e-05 
6.842660e-05 6.938030e-05 
6.771130e-05 6.866500e-05 
6.961870e-05 6.866500e-05 
6.818820e-05 6.842660e-05 
6.842660e-05 6.961870e-05 
7.009550e-05 6.818820e-05 
6.842660e-05 6.890340e-05 
6.914190e-05 6.842660e-05 
7.009550e-05 6.818820e-05 
6.890340e-05 6.938030e-05 
6.938030e-05 6.985710e-05 
7.009550e-05 7.104920e-05 
6.961870e-05 7.128760e-05 
6.961870e-05 7.081080e-05 
7.104920e-05 6.985710e-05 
6.961870e-05 7.009550e-05 
7.128760e-05 7.128760e-05 
7.057240e-05 7.271810e-05 
7.200290e-05 7.247970e-05 
7.176450e-05 7.176450e-05 
7.128760e-05 7.104920e-05 
7.104920e-05 7.200290e-05 
7.152600e-05 7.200290e-05 
7.176450e-05 7.414860e-05 
7.295660e-05 7.247970e-05 
7.462550e-05 7.319500e-05 
7.367180e-05 7.271810e-05 
7.438710e-05 7.247970e-05 
7.414860e-05 7.367180e-05 
7.462550e-05 7.367180e-05 
7.367180e-05 7.629440e-05 
7.462550e-05 7.557920e-05 
7.510230e-05 7.629440e-05 
7.677120e-05 7.510230e-05 
7.557920e-05 7.557920e-05 
7.581760e-05 7.486390e-05 
7.772490e-05 7.534070e-05 
7.534070e-05 7.629440e-05 
7.629440e-05 7.915540e-05 
8.201650e-05 8.153960e-05 
7.915540e-05 7.772490e-05 
7.772490e-05 7.605600e-05 
7.844020e-05 7.867860e-05 
7.629440e-05 7.724810e-05 
7.724810e-05 7.915540e-05 
7.820180e-05 7.700970e-05 
7.915540e-05 7.844020e-05 
7.891700e-05 7.915540e-05 
8.034750e-05 7.939390e-05 
7.915540e-05 7.820180e-05 
7.820180e-05 7.867860e-05 
7.915540e-05 7.963230e-05 
8.106280e-05 8.177800e-05 
8.082440e-05 8.010910e-05 
8.058590e-05 8.082440e-05 
8.177800e-05 8.058590e-05 
8.273170e-05 8.082440e-05 
8.297010e-05 8.153960e-05 
8.177800e-05 8.297010e-05 
8.177800e-05 8.297010e-05 
8.249330e-05 8.249330e-05 
8.392380e-05 8.273170e-05 
8.416220e-05 8.583120e-05 
8.559270e-05 8.392380e-05 
8.654640e-05 8.487750e-05 
8.535430e-05 8.511590e-05 
8.773850e-05 8.678480e-05 
8.678480e-05 8.606960e-05 
8.678480e-05 8.750010e-05 
8.893060e-05 8.678480e-05 
8.845380e-05 8.797690e-05 
8.702320e-05 8.678480e-05 
8.916900e-05 8.845380e-05 
8.845380e-05 8.916900e-05 
8.940740e-05 9.131480e-05 
9.036110e-05 8.988430e-05 
8.750010e-05 8.964590e-05 
8.726170e-05 9.012270e-05 
8.845380e-05 8.964590e-05 
9.107640e-05 9.083790e-05 
9.036110e-05 9.179160e-05 
9.203000e-05 9.131480e-05 
9.226850e-05 9.226850e-05 
9.155320e-05 9.226850e-05 
9.346050e-05 9.250690e-05 
9.369900e-05 9.560630e-05 
9.441420e-05 9.679840e-05 
9.489110e-05 9.560630e-05 
9.751370e-05 9.632160e-05 
9.679840e-05 9.822890e-05 
9.751370e-05 9.822890e-05 
9.846730e-05 1.001360e-04 
9.894420e-05 1.006130e-04 
1.015670e-04 1.003750e-04 
1.018050e-04 1.013280e-04 
1.027590e-04 1.018050e-04 
1.025200e-04 1.037130e-04 
1.041890e-04 1.041890e-04 
1.049050e-04 1.044280e-04 
1.056200e-04 1.049050e-04 
1.051430e-04 1.068120e-04 
1.060970e-04 1.068120e-04 
1.077660e-04 1.080040e-04 
1.070500e-04 1.077660e-04 
1.089580e-04 1.089580e-04 
1.096730e-04 1.094350e-04 
1.099110e-04 1.099110e-04 
1.094350e-04 1.094350e-04 
1.101500e-04 1.111040e-04 
1.101500e-04 1.111040e-04 
1.118190e-04 1.106270e-04 
1.122960e-04 1.122960e-04 
1.111040e-04 1.118190e-04 
1.127720e-04 1.127720e-04 
1.127720e-04 1.118190e-04 
1.115800e-04 1.118190e-04 
1.132490e-04 1.130110e-04 
1.118190e-04 1.134880e-04 
1.122960e-04 1.134880e-04 
1.113420e-04 1.125340e-04 
1.125340e-04 1.130110e-04 
1.127720e-04 1.137260e-04 
1.130110e-04 1.125340e-04 
1.134880e-04 1.125340e-04 
1.134880e-04 1.127720e-04 
1.137260e-04 1.125340e-04 
1.122960e-04 1.134880e-04 
1.134880e-04 1.144410e-04 
1.134880e-04 1.127720e-04 
1.134880e-04 1.134880e-04 
1.127720e-04 1.130110e-04 
1.127720e-04 1.132490e-04 
1.125340e-04 1.134880e-04 
1.134880e-04 1.130110e-04 
1.125340e-04 1.122960e-04 
1.132490e-04 1.130110e-04 
1.127720e-04 1.127720e-04 
1.125340e-04 1.115800e-04 
1.120570e-04 1.134880e-04 
1.139650e-04 1.142030e-04 
1.132490e-04 1.134880e-04 
1.132490e-04 1.130110e-04 
1.125340e-04 1.122960e-04 
1.134880e-04 1.130110e-04 
1.127720e-04 1.144410e-04 
1.127720e-04 1.120570e-04 
1.127720e-04 1.122960e-04 
1.122960e-04 1.122960e-04 
1.130110e-04 1.125340e-04 
1.127720e-04 1.122960e-04 
1.111040e-04 1.122960e-04 
1.115800e-04 1.122960e-04 
1.108650e-04 1.108650e-04 
1.103880e-04 1.101500e-04 
1.106270e-04 1.103880e-04 
1.099110e-04 1.094350e-04 
1.094350e-04 1.096730e-04 
1.087190e-04 1.080040e-04 
1.077660e-04 1.075270e-04 
1.072890e-04 1.070500e-04 
1.072890e-04 1.060970e-04 
1.053810e-04 1.053810e-04 
1.051430e-04 1.053810e-04 
1.049050e-04 1.037130e-04 
1.034740e-04 1.029970e-04 
1.018050e-04 1.022820e-04 
1.006130e-04 1.001360e-04 
1.003750e-04 1.001360e-04 
9.965940e-05 1.003750e-04 
9.822890e-05 9.918260e-05 
9.894420e-05 9.703680e-05 
9.512950e-05 9.632160e-05 
9.465260e-05 9.393740e-05 
9.608320e-05 9.536790e-05 
9.346050e-05 9.226850e-05 
9.393740e-05 9.322210e-05 
9.203000e-05 8.964590e-05 
9.155320e-05 8.964590e-05 
8.845380e-05 8.797690e-05 
8.773850e-05 8.726170e-05 
8.630800e-05 8.654640e-05 
8.630800e-05 8.750010e-05 
8.511590e-05 8.678480e-05 
8.511590e-05 8.487750e-05 
8.463910e-05 8.368540e-05 
8.440060e-05 8.440060e-05 
8.297010e-05 8.320850e-05 
8.225490e-05 8.297010e-05 
8.416220e-05 8.487750e-05 
8.249330e-05 8.249330e-05 
8.177800e-05 8.297010e-05 
7.963230e-05 8.177800e-05 
8.010910e-05 8.201650e-05 
8.130120e-05 8.082440e-05 
7.939390e-05 8.106280e-05 
8.344700e-05 8.201650e-05 
8.297010e-05 8.249330e-05 
8.034750e-05 8.297010e-05 
8.249330e-05 8.153960e-05 
8.344700e-05 8.225490e-05 
8.344700e-05 8.416220e-05 
8.249330e-05 8.130120e-05 
8.130120e-05 8.297010e-05 
8.297010e-05 8.177800e-05 
8.273170e-05 8.201650e-05 
8.392380e-05 8.297010e-05 
8.297010e-05 8.273170e-05 
8.249330e-05 8.249330e-05 
8.082440e-05 8.130120e-05 
8.082440e-05 8.392380e-05 
8.869220e-05 8.583120e-05 
8.678480e-05 8.654640e-05 
8.821530e-05 8.726170e-05 
8.583120e-05 8.750010e-05 
8.726170e-05 8.630800e-05 
8.845380e-05 8.893060e-05 
8.630800e-05 8.535430e-05 
8.797690e-05 8.750010e-05 
8.916900e-05 8.750010e-05 
8.654640e-05 8.583120e-05 
8.773850e-05 8.630800e-05 
