1.661790e-04 1.709470e-04 
1.726160e-04 1.742850e-04 
1.754770e-04 1.769080e-04 
1.773840e-04 1.783380e-04 
1.783380e-04 1.776230e-04 
1.781000e-04 1.778610e-04 
1.781000e-04 1.788150e-04 
1.788150e-04 1.788150e-04 
1.781000e-04 1.778610e-04 
1.776230e-04 1.773840e-04 
1.769080e-04 1.764310e-04 
1.764310e-04 1.754770e-04 
1.750000e-04 1.747620e-04 
1.752390e-04 1.735700e-04 
1.745230e-04 1.735700e-04 
1.726160e-04 1.726160e-04 
1.723780e-04 1.709470e-04 
1.704700e-04 1.704700e-04 
1.692780e-04 1.695170e-04 
1.683240e-04 1.692780e-04 
1.671320e-04 1.668940e-04 
1.671320e-04 1.659400e-04 
1.654630e-04 1.664170e-04 
1.654630e-04 1.640330e-04 
1.647480e-04 1.642710e-04 
1.628410e-04 1.621260e-04 
1.623640e-04 1.614100e-04 
1.609330e-04 1.604570e-04 
1.604570e-04 1.599800e-04 
1.595030e-04 1.590260e-04 
1.587880e-04 1.571190e-04 
1.571190e-04 1.564040e-04 
1.573570e-04 1.564040e-04 
1.564040e-04 1.559270e-04 
1.540190e-04 1.533040e-04 
1.535420e-04 1.533040e-04 
1.525890e-04 1.518740e-04 
1.516350e-04 1.518740e-04 
1.521120e-04 1.504430e-04 
1.511580e-04 1.509200e-04 
1.494890e-04 1.499660e-04 
1.485360e-04 1.497280e-04 
1.482970e-04 1.478200e-04 
1.478200e-04 1.480590e-04 
1.471050e-04 1.463900e-04 
1.473440e-04 1.473440e-04 
1.466280e-04 1.463900e-04 
1.454360e-04 1.459130e-04 
1.447210e-04 1.449590e-04 
1.456750e-04 1.451980e-04 
1.444830e-04 1.444830e-04 
1.449590e-04 1.444830e-04 
1.440060e-04 1.444830e-04 
1.437670e-04 1.437670e-04 
1.437670e-04 1.437670e-04 
1.437670e-04 1.437670e-04 
1.432900e-04 1.437670e-04 
1.437670e-04 1.437670e-04 
1.435290e-04 1.435290e-04 
1.432900e-04 1.437670e-04 
1.437670e-04 1.437670e-04 
1.444830e-04 1.432900e-04 
1.435290e-04 1.444830e-04 
1.437670e-04 1.437670e-04 
1.440060e-04 1.444830e-04 
1.451980e-04 1.456750e-04 
1.447210e-04 1.459130e-04 
1.454360e-04 1.451980e-04 
1.463900e-04 1.463900e-04 
1.468670e-04 1.466280e-04 
1.466280e-04 1.473440e-04 
1.478200e-04 1.473440e-04 
1.475820e-04 1.475820e-04 
1.482970e-04 1.480590e-04 
1.482970e-04 1.490130e-04 
1.482970e-04 1.490130e-04 
1.504430e-04 1.494890e-04 
1.506810e-04 1.506810e-04 
1.511580e-04 1.523500e-04 
1.528270e-04 1.521120e-04 
1.537810e-04 1.542580e-04 
1.544960e-04 1.544960e-04 
1.540190e-04 1.549730e-04 
1.544960e-04 1.547350e-04 
1.547350e-04 1.559270e-04 
1.566420e-04 1.559270e-04 
1.559270e-04 1.573570e-04 
1.571190e-04 1.583110e-04 
1.592650e-04 1.597410e-04 
1.597410e-04 1.604570e-04 
1.621260e-04 1.616490e-04 
1.633180e-04 1.637940e-04 
1.654630e-04 1.649870e-04 
1.659400e-04 1.668940e-04 
1.666560e-04 1.676090e-04 
1.683240e-04 1.678480e-04 
1.680860e-04 1.671320e-04 
1.685630e-04 1.671320e-04 
1.671320e-04 1.683240e-04 
1.673710e-04 1.683240e-04 
1.676090e-04 1.676090e-04 
1.692780e-04 1.697550e-04 
1.695170e-04 1.709470e-04 
1.721390e-04 1.730930e-04 
1.738080e-04 1.754770e-04 
1.759540e-04 1.781000e-04 
1.788150e-04 1.797690e-04 
1.821530e-04 1.831060e-04 
1.845370e-04 1.859670e-04 
1.878750e-04 1.876360e-04 
1.893050e-04 1.904970e-04 
1.909740e-04 1.909740e-04 
1.916890e-04 1.909740e-04 
1.919280e-04 1.914510e-04 
1.907360e-04 1.904970e-04 
1.897820e-04 1.888280e-04 
1.888280e-04 1.876360e-04 
1.869210e-04 1.871600e-04 
1.859670e-04 1.852520e-04 
1.842980e-04 1.850140e-04 
1.847750e-04 1.845370e-04 
1.845370e-04 1.847750e-04 
1.850140e-04 1.847750e-04 
1.866830e-04 1.876360e-04 
1.890670e-04 1.900210e-04 
1.919280e-04 1.935970e-04 
1.959810e-04 1.986040e-04 
2.000340e-04 2.028950e-04 
2.048020e-04 2.083790e-04 
2.107630e-04 2.138620e-04 
2.155310e-04 2.176770e-04 
2.203000e-04 2.241140e-04 
2.257830e-04 2.269750e-04 
2.303130e-04 2.326970e-04 
2.346050e-04 2.346050e-04 
2.362740e-04 2.374660e-04 
2.400880e-04 2.396120e-04 
2.408040e-04 2.417570e-04 
2.412810e-04 2.410420e-04 
2.412810e-04 2.410420e-04 
2.403270e-04 2.396120e-04 
2.386580e-04 2.369890e-04 
2.353200e-04 2.341280e-04 
2.329360e-04 2.312670e-04 
2.291210e-04 2.269750e-04 
2.255450e-04 2.231610e-04 
2.198230e-04 2.179160e-04 
2.164850e-04 2.145780e-04 
2.110010e-04 2.090940e-04 
2.081400e-04 2.069480e-04 
2.055180e-04 2.043260e-04 
2.033720e-04 2.028950e-04 
2.026570e-04 2.026570e-04 
2.031340e-04 2.026570e-04 
2.036100e-04 2.050410e-04 
2.081400e-04 2.090940e-04 
2.121930e-04 2.145780e-04 
2.164850e-04 2.214920e-04 
2.236380e-04 2.281680e-04 
2.312670e-04 2.362740e-04 
2.405650e-04 2.443810e-04 
2.486720e-04 2.532020e-04 
2.586860e-04 2.636930e-04 
2.677460e-04 2.734680e-04 
2.779980e-04 2.827660e-04 
2.872960e-04 2.920650e-04 
2.968330e-04 3.016010e-04 
3.049390e-04 3.094690e-04 
3.135220e-04 3.182910e-04 
3.223440e-04 3.263970e-04 
3.294960e-04 3.323570e-04 
3.361720e-04 3.399870e-04 
3.433250e-04 3.452320e-04 
3.480930e-04 3.507160e-04 
3.542920e-04 3.557220e-04 
3.583450e-04 3.602520e-04 
3.619210e-04 3.640670e-04 
3.647820e-04 3.659740e-04 
3.669280e-04 3.676430e-04 
3.681200e-04 3.678820e-04 
3.681200e-04 3.685970e-04 
3.685970e-04 3.674050e-04 
3.666900e-04 3.666900e-04 
3.654980e-04 3.631130e-04 
3.628750e-04 3.609680e-04 
3.581070e-04 3.564380e-04 
3.528610e-04 3.511920e-04 
3.480930e-04 3.440400e-04 
3.416560e-04 3.383180e-04 
3.333110e-04 3.292580e-04 
3.254430e-04 3.218670e-04 
3.161450e-04 3.123300e-04 
3.066080e-04 3.011250e-04 
2.961180e-04 2.908730e-04 
2.868190e-04 2.801440e-04 
2.751370e-04 2.706070e-04 
2.639310e-04 2.596400e-04 
2.541560e-04 2.491490e-04 
2.446190e-04 2.396120e-04 
2.346050e-04 2.312670e-04 
2.269750e-04 2.238760e-04 
2.203000e-04 2.181540e-04 
2.157700e-04 2.133860e-04 
2.124320e-04 2.117170e-04 
2.107630e-04 2.114780e-04 
2.124320e-04 2.126700e-04 
2.141010e-04 2.174390e-04 
2.205380e-04 2.226840e-04 
2.269750e-04 2.312670e-04 
2.362740e-04 2.412810e-04 
2.462880e-04 2.527260e-04 
2.591630e-04 2.656000e-04 
2.717990e-04 2.789520e-04 
2.868190e-04 2.944490e-04 
3.013630e-04 3.094690e-04 
3.182910e-04 3.256820e-04 
3.342650e-04 3.426090e-04 
3.516690e-04 3.592990e-04 
3.685970e-04 3.771800e-04 
3.852860e-04 3.938690e-04 
4.034060e-04 4.117510e-04 
4.205720e-04 4.282020e-04 
4.372620e-04 4.453680e-04 
4.518050e-04 4.601500e-04 
4.689710e-04 4.758850e-04 
4.835150e-04 4.909080e-04 
4.987750e-04 5.064050e-04 
5.135570e-04 5.202330e-04 
5.278620e-04 5.331080e-04 
5.402600e-04 5.459820e-04 
5.540890e-04 5.600490e-04 
5.650560e-04 5.707780e-04 
5.772150e-04 5.831760e-04 
5.884210e-04 5.941430e-04 
5.991500e-04 6.041560e-04 
6.096400e-04 6.151240e-04 
6.196540e-04 6.239450e-04 
6.294290e-04 6.325280e-04 
6.375350e-04 6.418270e-04 
6.465950e-04 6.513630e-04 
6.539860e-04 6.578010e-04 
6.630460e-04 6.654300e-04 
6.701980e-04 6.740130e-04 
6.778280e-04 6.797350e-04 
6.847420e-04 6.880800e-04 
6.899870e-04 6.926100e-04 
6.971400e-04 6.997620e-04 
7.021460e-04 7.054840e-04 
7.085840e-04 7.119220e-04 
7.131140e-04 7.152590e-04 
7.183590e-04 7.214580e-04 
7.226500e-04 7.257500e-04 
7.269420e-04 7.298030e-04 
7.319490e-04 7.326640e-04 
7.357630e-04 7.371940e-04 
7.376710e-04 7.391010e-04 
7.417240e-04 7.429160e-04 
7.441080e-04 7.450620e-04 
7.453000e-04 7.462540e-04 
7.476840e-04 7.479230e-04 
7.486380e-04 7.491150e-04 
7.486380e-04 7.486380e-04 
7.486380e-04 7.479230e-04 
7.481610e-04 7.476840e-04 
7.467310e-04 7.467310e-04 
7.445850e-04 7.445850e-04 
7.424390e-04 7.402930e-04 
7.393400e-04 7.374320e-04 
7.355250e-04 7.324260e-04 
7.312340e-04 7.274190e-04 
7.252730e-04 7.212200e-04 
7.178820e-04 7.157360e-04 
7.109680e-04 7.076300e-04 
7.031000e-04 6.988090e-04 
6.938020e-04 6.892720e-04 
6.833110e-04 6.783050e-04 
6.723440e-04 6.663840e-04 
6.604230e-04 6.539860e-04 
6.461180e-04 6.394420e-04 
6.332430e-04 6.239450e-04 
6.163160e-04 6.096400e-04 
6.008190e-04 5.915200e-04 
5.817450e-04 5.726850e-04 
5.626720e-04 5.540890e-04 
5.438370e-04 5.338230e-04 
5.230940e-04 5.111730e-04 
5.016360e-04 4.892390e-04 
4.789850e-04 4.661100e-04 
4.544280e-04 4.427450e-04 
4.308240e-04 4.196190e-04 
4.065060e-04 3.941080e-04 
3.829020e-04 3.695510e-04 
3.573910e-04 3.452320e-04 
3.345030e-04 3.211520e-04 
3.104230e-04 2.989790e-04 
2.872960e-04 2.756140e-04 
2.646460e-04 2.541560e-04 
2.429490e-04 2.324590e-04 
2.238760e-04 2.131470e-04 
2.050410e-04 1.964580e-04 
1.885900e-04 1.804840e-04 
1.740460e-04 1.676090e-04 
1.599800e-04 1.552110e-04 
1.499660e-04 1.442440e-04 
1.409060e-04 1.361380e-04 
1.325620e-04 1.311310e-04 
1.287470e-04 1.261240e-04 
1.258860e-04 1.254090e-04 
1.251710e-04 1.258860e-04 
1.273160e-04 1.275550e-04 
1.301770e-04 1.325620e-04 
1.366150e-04 1.409060e-04 
1.451980e-04 1.504430e-04 
1.571190e-04 1.626020e-04 
1.695170e-04 1.771460e-04 
1.847750e-04 1.938350e-04 
2.026570e-04 2.119550e-04 
2.229220e-04 2.319820e-04 
2.431880e-04 2.555870e-04 
2.677460e-04 2.794280e-04 
2.911110e-04 3.039860e-04 
3.175750e-04 3.309270e-04 
3.447550e-04 3.597750e-04 
3.747960e-04 3.881470e-04 
4.026910e-04 4.186650e-04 
4.327320e-04 4.482290e-04 
4.634880e-04 4.789850e-04 
4.951990e-04 5.092660e-04 
5.254780e-04 5.416910e-04 
5.574260e-04 5.731620e-04 
5.879440e-04 6.036800e-04 
6.182230e-04 6.337200e-04 
6.489790e-04 6.639990e-04 
6.785430e-04 6.935630e-04 
7.088220e-04 7.226500e-04 
7.360020e-04 7.517380e-04 
7.638970e-04 7.784400e-04 
7.922690e-04 8.056200e-04 
8.177790e-04 8.313690e-04 
8.444820e-04 8.556880e-04 
8.697550e-04 8.804840e-04 
8.933580e-04 9.048020e-04 
9.169620e-04 9.262600e-04 
9.386580e-04 9.496250e-04 
9.589230e-04 9.701290e-04 
9.803850e-04 9.901600e-04 
9.999350e-04 1.009950e-03 
1.019960e-03 1.030210e-03 
1.039750e-03 1.048100e-03 
1.057160e-03 1.065980e-03 
1.074080e-03 1.081950e-03 
1.091010e-03 1.098640e-03 
1.107220e-03 1.114140e-03 
1.122480e-03 1.130590e-03 
1.136550e-03 1.144180e-03 
1.151090e-03 1.158240e-03 
1.163970e-03 1.171600e-03 
1.179460e-03 1.184470e-03 
1.190430e-03 1.197580e-03 
1.204020e-03 1.208310e-03 
1.214270e-03 1.220950e-03 
1.226430e-03 1.230490e-03 
1.235730e-03 1.242410e-03 
1.245980e-03 1.251230e-03 
1.256470e-03 1.260290e-03 
1.264580e-03 1.269590e-03 
1.274120e-03 1.279600e-03 
1.283890e-03 1.286990e-03 
1.291760e-03 1.294620e-03 
1.297960e-03 1.303440e-03 
1.307260e-03 1.309400e-03 
1.313220e-03 1.317510e-03 
1.320850e-03 1.325140e-03 
1.326810e-03 1.331100e-03 
1.334910e-03 1.338490e-03 
1.339920e-03 1.343260e-03 
1.346600e-03 1.348260e-03 
1.351600e-03 1.355180e-03 
1.358280e-03 1.359710e-03 
1.362810e-03 1.365910e-03 
1.369010e-03 1.371630e-03 
1.373780e-03 1.375920e-03 
1.378540e-03 1.380450e-03 
1.382360e-03 1.385930e-03 
1.388080e-03 1.390460e-03 
1.392850e-03 1.393800e-03 
1.397140e-03 1.399050e-03 
1.400960e-03 1.403580e-03 
1.406920e-03 1.407870e-03 
1.410250e-03 1.412160e-03 
1.414780e-03 1.416690e-03 
1.419790e-03 1.420980e-03 
1.423600e-03 1.425040e-03 
1.427420e-03 1.428610e-03 
1.431470e-03 1.433380e-03 
1.435760e-03 1.437190e-03 
1.440060e-03 1.442920e-03 
1.443630e-03 1.446730e-03 
1.447920e-03 1.451740e-03 
1.453170e-03 1.454600e-03 
1.456740e-03 1.459840e-03 
1.461750e-03 1.463180e-03 
1.465090e-03 1.468900e-03 
1.469860e-03 1.472240e-03 
1.475820e-03 1.476770e-03 
1.479630e-03 1.481780e-03 
1.485590e-03 1.486550e-03 
1.488930e-03 1.491550e-03 
1.494420e-03 1.496320e-03 
1.499660e-03 1.501090e-03 
1.505620e-03 1.506810e-03 
1.510630e-03 1.512300e-03 
1.515630e-03 1.519450e-03 
1.521590e-03 1.524460e-03 
1.527080e-03 1.529940e-03 
1.533750e-03 1.534470e-03 
6.437330e-06 7.629450e-06 
7.629450e-06 6.437330e-06 
6.437330e-06 8.106290e-06 
6.675750e-06 6.914170e-06 
7.867870e-06 7.152590e-06 
7.629450e-06 7.152590e-06 
7.629450e-06 7.629450e-06 
7.152590e-06 7.391010e-06 
7.629450e-06 7.391010e-06 
6.437330e-06 8.106290e-06 
7.629450e-06 7.391010e-06 
6.914170e-06 6.675750e-06 
8.106290e-06 7.629450e-06 
7.629450e-06 7.152590e-06 
6.437330e-06 6.675750e-06 
7.152590e-06 7.629450e-06 
6.437330e-06 6.675750e-06 
6.437330e-06 6.437330e-06 
7.391010e-06 7.152590e-06 
6.437330e-06 7.152590e-06 
6.675750e-06 6.914170e-06 
7.867870e-06 6.675750e-06 
6.437330e-06 7.152590e-06 
6.437330e-06 6.437330e-06 
6.675750e-06 7.391010e-06 
6.675750e-06 6.914170e-06 
6.437330e-06 6.675750e-06 
7.152590e-06 6.437330e-06 
5.960490e-06 7.629450e-06 
6.675750e-06 5.960490e-06 
7.629450e-06 7.629450e-06 
5.960490e-06 7.152590e-06 
7.152590e-06 6.437330e-06 
6.675750e-06 5.960490e-06 
6.437330e-06 7.391010e-06 
5.960490e-06 6.198910e-06 
6.675750e-06 7.629450e-06 
7.152590e-06 7.629450e-06 
5.960490e-06 6.437330e-06 
6.437330e-06 7.152590e-06 
6.437330e-06 6.437330e-06 
6.198910e-06 5.960490e-06 
6.675750e-06 6.437330e-06 
6.437330e-06 6.675750e-06 
6.437330e-06 6.437330e-06 
7.152590e-06 7.152590e-06 
5.960490e-06 6.437330e-06 
7.152590e-06 7.152590e-06 
6.675750e-06 6.914170e-06 
6.675750e-06 7.152590e-06 
7.629450e-06 6.198910e-06 
6.198910e-06 6.675750e-06 
7.152590e-06 6.914170e-06 
6.914170e-06 6.437330e-06 
6.675750e-06 7.629450e-06 
6.675750e-06 7.152590e-06 
6.675750e-06 6.437330e-06 
7.867870e-06 6.675750e-06 
7.152590e-06 7.629450e-06 
6.437330e-06 7.152590e-06 
6.675750e-06 7.391010e-06 
7.867870e-06 7.629450e-06 
6.914170e-06 6.675750e-06 
7.152590e-06 7.629450e-06 
7.391010e-06 6.437330e-06 
7.629450e-06 7.152590e-06 
6.914170e-06 7.629450e-06 
7.152590e-06 7.152590e-06 
7.629450e-06 7.152590e-06 
8.344710e-06 8.344710e-06 
7.152590e-06 7.152590e-06 
7.629450e-06 8.344710e-06 
7.629450e-06 8.106290e-06 
7.629450e-06 8.106290e-06 
7.867870e-06 7.629450e-06 
7.867870e-06 7.867870e-06 
7.629450e-06 8.106290e-06 
8.821550e-06 8.821550e-06 
8.106290e-06 7.629450e-06 
9.059960e-06 8.344710e-06 
8.106290e-06 9.298380e-06 
8.583130e-06 8.106290e-06 
8.344710e-06 9.298380e-06 
8.821550e-06 8.344710e-06 
8.821550e-06 8.821550e-06 
8.821550e-06 8.821550e-06 
8.583130e-06 8.821550e-06 
8.583130e-06 8.344710e-06 
9.775220e-06 9.536800e-06 
8.821550e-06 8.821550e-06 
1.001360e-05 8.821550e-06 
9.536800e-06 8.821550e-06 
9.298380e-06 9.775220e-06 
1.025210e-05 1.049050e-05 
1.025210e-05 9.536800e-06 
1.001360e-05 9.298380e-06 
1.025210e-05 9.775220e-06 
1.049050e-05 9.536800e-06 
1.049050e-05 9.536800e-06 
9.775220e-06 9.298380e-06 
1.025210e-05 9.775220e-06 
9.536800e-06 1.072890e-05 
9.775220e-06 9.775220e-06 
1.049050e-05 1.096730e-05 
1.096730e-05 9.775220e-06 
1.096730e-05 1.120570e-05 
1.120570e-05 1.049050e-05 
1.144420e-05 1.144420e-05 
1.144420e-05 1.072890e-05 
1.168260e-05 1.096730e-05 
1.215940e-05 1.192100e-05 
1.215940e-05 1.096730e-05 
1.144420e-05 1.215940e-05 
1.192100e-05 1.144420e-05 
1.168260e-05 1.096730e-05 
1.263620e-05 1.144420e-05 
1.263620e-05 1.215940e-05 
1.144420e-05 1.168260e-05 
1.215940e-05 1.192100e-05 
1.215940e-05 1.215940e-05 
1.144420e-05 1.215940e-05 
1.263620e-05 1.144420e-05 
1.144420e-05 1.168260e-05 
1.287470e-05 1.215940e-05 
1.192100e-05 1.311310e-05 
1.215940e-05 1.192100e-05 
1.239780e-05 1.311310e-05 
1.239780e-05 1.263620e-05 
1.287470e-05 1.358990e-05 
1.311310e-05 1.311310e-05 
1.382830e-05 1.382830e-05 
1.382830e-05 1.382830e-05 
1.406680e-05 1.430520e-05 
1.430520e-05 1.382830e-05 
1.525890e-05 1.454360e-05 
1.549730e-05 1.478200e-05 
1.478200e-05 1.502040e-05 
1.478200e-05 1.478200e-05 
1.573570e-05 1.525890e-05 
1.573570e-05 1.478200e-05 
1.573570e-05 1.478200e-05 
1.454360e-05 1.549730e-05 
1.502040e-05 1.478200e-05 
1.478200e-05 1.478200e-05 
1.525890e-05 1.573570e-05 
1.549730e-05 1.597420e-05 
1.478200e-05 1.430520e-05 
1.597420e-05 1.454360e-05 
1.478200e-05 1.525890e-05 
1.549730e-05 1.454360e-05 
1.549730e-05 1.525890e-05 
1.549730e-05 1.478200e-05 
1.597420e-05 1.549730e-05 
1.454360e-05 1.597420e-05 
1.621260e-05 1.478200e-05 
1.502040e-05 1.573570e-05 
1.525890e-05 1.668940e-05 
1.645100e-05 1.645100e-05 
1.597420e-05 1.692780e-05 
1.645100e-05 1.645100e-05 
1.764310e-05 1.740470e-05 
1.716630e-05 1.716630e-05 
1.716630e-05 1.716630e-05 
1.859680e-05 1.859680e-05 
1.788150e-05 1.788150e-05 
1.931200e-05 1.883520e-05 
1.978890e-05 1.978890e-05 
1.931200e-05 1.907360e-05 
1.978890e-05 1.978890e-05 
2.074250e-05 2.098100e-05 
2.098100e-05 2.002730e-05 
1.978890e-05 2.050410e-05 
2.145780e-05 2.145780e-05 
2.145780e-05 2.098100e-05 
2.145780e-05 2.098100e-05 
2.121940e-05 2.098100e-05 
2.145780e-05 2.145780e-05 
2.288830e-05 2.145780e-05 
2.193460e-05 2.169620e-05 
2.193460e-05 2.264990e-05 
2.193460e-05 2.169620e-05 
2.217300e-05 2.312670e-05 
2.193460e-05 2.312670e-05 
2.336510e-05 2.312670e-05 
2.336510e-05 2.312670e-05 
2.193460e-05 2.336510e-05 
2.288830e-05 2.312670e-05 
2.336510e-05 2.217300e-05 
2.193460e-05 2.288830e-05 
2.217300e-05 2.193460e-05 
2.264990e-05 2.193460e-05 
2.169620e-05 2.193460e-05 
2.217300e-05 2.169620e-05 
2.145780e-05 2.145780e-05 
2.193460e-05 2.121940e-05 
2.098100e-05 2.241150e-05 
2.217300e-05 2.145780e-05 
2.098100e-05 2.074250e-05 
2.145780e-05 2.050410e-05 
2.098100e-05 2.026570e-05 
2.145780e-05 2.121940e-05 
2.026570e-05 2.121940e-05 
2.098100e-05 2.026570e-05 
2.002730e-05 2.145780e-05 
2.098100e-05 2.026570e-05 
2.098100e-05 2.121940e-05 
2.074250e-05 2.074250e-05 
2.050410e-05 2.098100e-05 
2.098100e-05 2.121940e-05 
2.264990e-05 2.264990e-05 
2.169620e-05 2.241150e-05 
2.336510e-05 2.360360e-05 
2.241150e-05 2.408040e-05 
2.408040e-05 2.431880e-05 
2.455720e-05 2.360360e-05 
2.527250e-05 2.408040e-05 
2.551090e-05 2.479560e-05 
2.479560e-05 2.598770e-05 
2.646460e-05 2.694140e-05 
2.622620e-05 2.741830e-05 
2.717980e-05 2.765670e-05 
2.789510e-05 2.694140e-05 
2.861030e-05 2.837190e-05 
2.861030e-05 2.837190e-05 
2.837190e-05 2.884880e-05 
2.980240e-05 2.932560e-05 
2.932560e-05 2.956400e-05 
3.004090e-05 3.027930e-05 
3.027930e-05 3.147150e-05 
3.051780e-05 3.218670e-05 
3.099460e-05 3.147150e-05 
3.147150e-05 3.194830e-05 
3.266360e-05 3.337880e-05 
3.194830e-05 3.361730e-05 
3.242520e-05 3.290200e-05 
3.290200e-05 3.361730e-05 
3.433250e-05 3.433250e-05 
3.480930e-05 3.457090e-05 
3.504780e-05 3.433250e-05 
3.433250e-05 3.480930e-05 
3.457090e-05 3.480930e-05 
3.504780e-05 3.504780e-05 
3.528620e-05 3.623990e-05 
3.600140e-05 3.552460e-05 
3.528620e-05 3.647830e-05 
3.576300e-05 3.600140e-05 
3.576300e-05 3.623990e-05 
3.647830e-05 3.743190e-05 
3.671670e-05 3.647830e-05 
3.743190e-05 3.695510e-05 
3.695510e-05 3.767040e-05 
3.695510e-05 3.790880e-05 
3.743190e-05 3.862400e-05 
3.814720e-05 3.743190e-05 
3.814720e-05 3.767040e-05 
3.838560e-05 3.814720e-05 
3.790880e-05 3.862400e-05 
3.814720e-05 3.814720e-05 
3.862400e-05 3.981610e-05 
3.910090e-05 3.838560e-05 
3.957770e-05 3.862400e-05 
3.886250e-05 3.862400e-05 
3.910090e-05 3.910090e-05 
3.862400e-05 3.933930e-05 
3.981610e-05 3.910090e-05 
4.005460e-05 4.076980e-05 
3.957770e-05 3.981610e-05 
3.910090e-05 3.933930e-05 
4.029300e-05 3.981610e-05 
3.981610e-05 4.005460e-05 
4.100820e-05 4.005460e-05 
3.957770e-05 3.933930e-05 
3.981610e-05 4.005460e-05 
3.981610e-05 3.981610e-05 
4.076980e-05 4.005460e-05 
3.981610e-05 3.981610e-05 
4.005460e-05 3.981610e-05 
3.981610e-05 4.076980e-05 
3.910090e-05 3.910090e-05 
3.910090e-05 4.005460e-05 
4.029300e-05 3.981610e-05 
3.862400e-05 3.981610e-05 
4.005460e-05 3.886250e-05 
3.933930e-05 3.957770e-05 
3.886250e-05 3.910090e-05 
3.910090e-05 3.910090e-05 
3.933930e-05 3.862400e-05 
3.767040e-05 3.743190e-05 
3.743190e-05 3.695510e-05 
3.814720e-05 3.838560e-05 
3.790880e-05 3.647830e-05 
3.743190e-05 3.623990e-05 
3.647830e-05 3.623990e-05 
3.576300e-05 3.695510e-05 
3.552460e-05 3.552460e-05 
3.671670e-05 3.504780e-05 
3.552460e-05 3.623990e-05 
3.576300e-05 3.433250e-05 
3.457090e-05 3.528620e-05 
3.457090e-05 3.504780e-05 
3.552460e-05 3.409410e-05 
3.433250e-05 3.480930e-05 
3.433250e-05 3.528620e-05 
3.480930e-05 3.528620e-05 
3.361730e-05 3.385570e-05 
3.361730e-05 3.433250e-05 
3.480930e-05 3.361730e-05 
3.361730e-05 3.504780e-05 
3.504780e-05 3.409410e-05 
3.409410e-05 3.528620e-05 
3.480930e-05 3.504780e-05 
3.433250e-05 3.480930e-05 
3.528620e-05 3.623990e-05 
3.623990e-05 3.552460e-05 
3.623990e-05 3.623990e-05 
3.552460e-05 3.719350e-05 
3.576300e-05 3.623990e-05 
3.647830e-05 3.695510e-05 
3.695510e-05 3.743190e-05 
3.719350e-05 3.767040e-05 
3.767040e-05 3.838560e-05 
3.862400e-05 3.981610e-05 
3.910090e-05 4.029300e-05 
3.981610e-05 4.076980e-05 
4.005460e-05 4.005460e-05 
4.076980e-05 4.148510e-05 
4.148510e-05 4.196190e-05 
4.315400e-05 4.196190e-05 
4.196190e-05 4.243870e-05 
4.410770e-05 4.291560e-05 
4.363080e-05 4.363080e-05 
4.482290e-05 4.434610e-05 
4.482290e-05 4.577660e-05 
4.553820e-05 4.577660e-05 
4.553820e-05 4.720710e-05 
4.649190e-05 4.601500e-05 
4.744550e-05 4.744550e-05 
4.696870e-05 4.720710e-05 
4.792240e-05 4.792240e-05 
4.792240e-05 4.887600e-05 
4.816080e-05 4.911450e-05 
5.054500e-05 4.959130e-05 
5.030660e-05 4.935290e-05 
4.959130e-05 5.054500e-05 
5.030660e-05 4.982970e-05 
5.126020e-05 5.126020e-05 
5.126020e-05 5.078340e-05 
5.173710e-05 5.197550e-05 
5.173710e-05 5.197550e-05 
5.269070e-05 5.221390e-05 
5.221390e-05 5.245230e-05 
5.269070e-05 5.292920e-05 
5.412130e-05 5.388280e-05 
5.316760e-05 5.388280e-05 
5.412130e-05 5.316760e-05 
5.459810e-05 5.364440e-05 
5.412130e-05 5.483650e-05 
5.531330e-05 5.459810e-05 
5.531330e-05 5.531330e-05 
5.626700e-05 5.364440e-05 
5.507490e-05 5.602860e-05 
5.745910e-05 5.555180e-05 
5.626700e-05 5.698230e-05 
5.579020e-05 5.793590e-05 
5.698230e-05 5.579020e-05 
5.602860e-05 5.650540e-05 
5.698230e-05 5.769750e-05 
5.793590e-05 5.698230e-05 
5.722070e-05 5.674390e-05 
5.674390e-05 5.722070e-05 
5.698230e-05 5.865120e-05 
5.745910e-05 5.745910e-05 
5.793590e-05 5.960490e-05 
5.793590e-05 5.793590e-05 
5.888960e-05 5.912800e-05 
5.865120e-05 5.769750e-05 
5.841280e-05 5.793590e-05 
6.032010e-05 5.888960e-05 
5.912800e-05 5.888960e-05 
5.912800e-05 5.841280e-05 
5.984330e-05 6.032010e-05 
5.888960e-05 6.079700e-05 
6.008170e-05 5.912800e-05 
5.936650e-05 5.841280e-05 
6.079700e-05 6.032010e-05 
5.960490e-05 6.008170e-05 
6.032010e-05 6.127400e-05 
6.032010e-05 6.151250e-05 
6.055860e-05 6.175090e-05 
5.960490e-05 6.127400e-05 
6.127400e-05 6.079700e-05 
6.079700e-05 6.246610e-05 
6.103560e-05 6.270460e-05 
6.246610e-05 6.032010e-05 
6.198930e-05 6.270460e-05 
6.270460e-05 6.294300e-05 
6.198930e-05 6.270460e-05 
6.365820e-05 6.294300e-05 
6.318140e-05 6.198930e-05 
6.365820e-05 6.246610e-05 
6.365820e-05 6.222770e-05 
6.341980e-05 6.246610e-05 
6.222770e-05 6.389660e-05 
6.389660e-05 6.294300e-05 
6.413510e-05 6.294300e-05 
6.413510e-05 6.294300e-05 
6.365820e-05 6.341980e-05 
6.246610e-05 6.246610e-05 
6.389660e-05 6.341980e-05 
6.485030e-05 6.294300e-05 
6.318140e-05 6.341980e-05 
6.365820e-05 6.413510e-05 
6.389660e-05 6.437350e-05 
6.461190e-05 6.485030e-05 
6.413510e-05 6.413510e-05 
6.413510e-05 6.437350e-05 
