2.068770e-03 2.068060e-03 
2.067580e-03 2.069010e-03 
2.067100e-03 2.068530e-03 
2.068770e-03 2.068300e-03 
2.069250e-03 2.067820e-03 
2.069970e-03 2.069010e-03 
2.069250e-03 2.069250e-03 
2.067580e-03 2.069250e-03 
2.068770e-03 2.067340e-03 
2.067100e-03 2.066630e-03 
2.065200e-03 2.065440e-03 
2.064720e-03 2.063290e-03 
2.062100e-03 2.061140e-03 
2.059950e-03 2.058040e-03 
2.057330e-03 2.056610e-03 
2.054470e-03 2.052800e-03 
2.049700e-03 2.047320e-03 
2.044930e-03 2.042310e-03 
2.040400e-03 2.037060e-03 
2.034440e-03 2.029670e-03 
2.026810e-03 2.024430e-03 
2.021330e-03 2.017750e-03 
2.011790e-03 2.009650e-03 
2.004880e-03 1.999870e-03 
1.994150e-03 1.991760e-03 
1.985560e-03 1.980560e-03 
1.974120e-03 1.967450e-03 
1.963630e-03 1.955290e-03 
1.949080e-03 1.943360e-03 
1.937400e-03 1.929290e-03 
1.921420e-03 1.914270e-03 
1.905930e-03 1.897100e-03 
1.888760e-03 1.879940e-03 
1.871590e-03 1.860630e-03 
1.852040e-03 1.841550e-03 
1.830110e-03 1.819620e-03 
1.807940e-03 1.797920e-03 
1.785760e-03 1.774800e-03 
1.758820e-03 1.748090e-03 
1.734740e-03 1.722340e-03 
1.708750e-03 1.693260e-03 
1.681100e-03 1.663690e-03 
1.650580e-03 1.632940e-03 
1.618630e-03 1.602420e-03 
1.588110e-03 1.567370e-03 
1.553300e-03 1.532090e-03 
1.516590e-03 1.497280e-03 
1.479390e-03 1.461750e-03 
1.440530e-03 1.423600e-03 
1.400480e-03 1.380930e-03 
1.360420e-03 1.339920e-03 
1.319890e-03 1.299390e-03 
1.278410e-03 1.260050e-03 
1.229770e-03 1.214750e-03 
1.187570e-03 1.169450e-03 
1.147280e-03 1.122010e-03 
1.102930e-03 1.075750e-03 
1.057160e-03 1.030930e-03 
1.013290e-03 9.839610e-04 
9.663140e-04 9.391350e-04 
9.181540e-04 8.952650e-04 
8.719000e-04 8.482970e-04 
8.266010e-04 8.027590e-04 
7.774870e-04 7.624660e-04 
7.329020e-04 7.185970e-04 
6.904640e-04 6.735360e-04 
6.511250e-04 6.296670e-04 
6.098780e-04 5.888980e-04 
5.698240e-04 5.493200e-04 
5.321540e-04 5.097430e-04 
4.937690e-04 4.739780e-04 
4.560970e-04 4.382150e-04 
4.217640e-04 4.057900e-04 
3.886240e-04 3.731270e-04 
3.569140e-04 3.440400e-04 
3.266350e-04 3.132840e-04 
2.977870e-04 2.853890e-04 
2.729910e-04 2.603550e-04 
2.484340e-04 2.362740e-04 
2.253060e-04 2.131470e-04 
2.031340e-04 1.916890e-04 
1.823910e-04 1.735700e-04 
1.642710e-04 1.554500e-04 
1.466280e-04 1.399530e-04 
1.311310e-04 1.244550e-04 
1.161100e-04 1.096730e-04 
1.039510e-04 9.822890e-05 
9.155320e-05 8.654640e-05 
8.106280e-05 7.677120e-05 
7.295660e-05 6.699610e-05 
6.413510e-05 5.865120e-05 
5.459810e-05 5.149860e-05 
4.816080e-05 4.434610e-05 
4.196190e-05 3.838560e-05 
3.576300e-05 3.361730e-05 
3.194830e-05 2.861030e-05 
2.765670e-05 2.598770e-05 
2.360360e-05 2.169620e-05 
2.002730e-05 1.907360e-05 
1.835830e-05 1.716630e-05 
1.597420e-05 1.430520e-05 
1.478200e-05 1.311310e-05 
1.263620e-05 1.168260e-05 
1.120570e-05 1.049050e-05 
1.049050e-05 1.001360e-05 
8.583130e-06 9.298380e-06 
8.344710e-06 8.106290e-06 
7.867870e-06 8.106290e-06 
7.629450e-06 7.629450e-06 
6.437330e-06 6.437330e-06 
7.867870e-06 7.152590e-06 
7.629450e-06 6.914170e-06 
6.437330e-06 6.198910e-06 
6.198910e-06 5.960490e-06 
7.152590e-06 5.960490e-06 
6.437330e-06 5.960490e-06 
6.914170e-06 6.437330e-06 
7.152590e-06 7.391010e-06 
6.675750e-06 6.914170e-06 
6.675750e-06 6.198910e-06 
6.437330e-06 6.437330e-06 
7.629450e-06 8.106290e-06 
8.821550e-06 8.344710e-06 
9.775220e-06 9.775220e-06 
1.049050e-05 1.072890e-05 
1.072890e-05 1.144420e-05 
1.263620e-05 1.382830e-05 
1.335150e-05 1.502040e-05 
1.597420e-05 1.621260e-05 
1.859680e-05 1.955040e-05 
2.193460e-05 2.217300e-05 
2.384200e-05 2.527250e-05 
2.813350e-05 3.099460e-05 
3.242520e-05 3.695510e-05 
3.933930e-05 4.220030e-05 
4.506130e-05 5.030660e-05 
5.316760e-05 5.817440e-05 
6.246610e-05 6.628080e-05 
7.271810e-05 7.629440e-05 
8.297010e-05 8.845380e-05 
9.560630e-05 1.018050e-04 
1.099110e-04 1.156330e-04 
1.251710e-04 1.339920e-04 
1.423370e-04 1.523500e-04 
1.611720e-04 1.716620e-04 
1.811990e-04 1.943120e-04 
2.036100e-04 2.181540e-04 
2.281680e-04 2.465270e-04 
2.532020e-04 2.717990e-04 
2.856270e-04 3.061310e-04 
3.161450e-04 3.385560e-04 
3.542920e-04 3.652590e-04 
3.886240e-04 3.988760e-04 
4.241490e-04 4.346390e-04 
4.618190e-04 4.737400e-04 
4.973450e-04 5.154650e-04 
5.369220e-04 5.590950e-04 
5.772150e-04 6.034410e-04 
6.213230e-04 6.454030e-04 
6.649530e-04 6.921330e-04 
7.126370e-04 7.376710e-04 
7.603210e-04 7.839240e-04 
8.082430e-04 8.320850e-04 
8.571190e-04 8.807220e-04 
9.079020e-04 9.286440e-04 
9.567770e-04 9.791930e-04 
1.006130e-03 8.392380e-05 
8.511590e-05 8.392380e-05 
8.297010e-05 8.249330e-05 
8.177800e-05 8.297010e-05 
8.344700e-05 8.320850e-05 
8.297010e-05 8.249330e-05 
8.416220e-05 8.344700e-05 
8.368540e-05 8.297010e-05 
8.440060e-05 8.320850e-05 
8.297010e-05 8.416220e-05 
8.583120e-05 8.297010e-05 
8.511590e-05 8.583120e-05 
8.392380e-05 8.416220e-05 
8.416220e-05 8.344700e-05 
8.487750e-05 8.463910e-05 
8.440060e-05 8.392380e-05 
8.463910e-05 8.583120e-05 
8.535430e-05 8.440060e-05 
8.654640e-05 8.463910e-05 
8.463910e-05 8.463910e-05 
8.606960e-05 8.583120e-05 
8.583120e-05 8.726170e-05 
8.726170e-05 8.583120e-05 
8.606960e-05 8.630800e-05 
8.630800e-05 8.630800e-05 
8.702320e-05 8.726170e-05 
8.654640e-05 8.940740e-05 
8.678480e-05 8.869220e-05 
8.845380e-05 8.845380e-05 
8.916900e-05 8.964590e-05 
8.678480e-05 9.012270e-05 
8.750010e-05 8.797690e-05 
8.964590e-05 8.988430e-05 
8.964590e-05 9.083790e-05 
9.012270e-05 9.036110e-05 
9.012270e-05 9.059950e-05 
8.940740e-05 8.964590e-05 
9.012270e-05 9.203000e-05 
9.203000e-05 9.226850e-05 
9.036110e-05 9.107640e-05 
9.250690e-05 9.226850e-05 
9.155320e-05 9.179160e-05 
9.346050e-05 9.250690e-05 
9.250690e-05 9.226850e-05 
9.346050e-05 9.226850e-05 
9.417580e-05 9.465260e-05 
9.322210e-05 9.393740e-05 
9.369900e-05 9.322210e-05 
9.369900e-05 9.465260e-05 
9.536790e-05 9.512950e-05 
9.560630e-05 9.608320e-05 
9.584470e-05 9.512950e-05 
9.560630e-05 9.679840e-05 
9.822890e-05 9.632160e-05 
9.679840e-05 9.727520e-05 
9.918260e-05 9.894420e-05 
9.799050e-05 9.751370e-05 
9.846730e-05 9.727520e-05 
9.918260e-05 9.822890e-05 
9.918260e-05 9.894420e-05 
1.006130e-04 9.989790e-05 
1.006130e-04 9.965940e-05 
1.015670e-04 1.015670e-04 
1.022820e-04 1.018050e-04 
1.020440e-04 1.022820e-04 
1.027590e-04 1.027590e-04 
1.029970e-04 1.018050e-04 
1.029970e-04 1.025200e-04 
1.029970e-04 1.027590e-04 
1.032360e-04 1.046660e-04 
1.051430e-04 1.039510e-04 
1.056200e-04 1.039510e-04 
1.039510e-04 1.044280e-04 
1.041890e-04 1.056200e-04 
1.053810e-04 1.058580e-04 
1.060970e-04 1.060970e-04 
1.060970e-04 1.063350e-04 
1.065740e-04 1.075270e-04 
1.077660e-04 1.072890e-04 
1.084810e-04 1.082430e-04 
1.089580e-04 1.082430e-04 
1.084810e-04 1.082430e-04 
1.087190e-04 1.080040e-04 
1.084810e-04 1.087190e-04 
1.087190e-04 1.101500e-04 
1.094350e-04 1.094350e-04 
1.106270e-04 1.101500e-04 
1.101500e-04 1.106270e-04 
1.103880e-04 1.103880e-04 
1.111040e-04 1.103880e-04 
1.103880e-04 1.113420e-04 
1.103880e-04 1.111040e-04 
1.127720e-04 1.125340e-04 
1.113420e-04 1.120570e-04 
1.111040e-04 1.115800e-04 
1.118190e-04 1.125340e-04 
1.122960e-04 1.120570e-04 
1.134880e-04 1.125340e-04 
1.125340e-04 1.127720e-04 
1.122960e-04 1.127720e-04 
1.132490e-04 1.122960e-04 
1.125340e-04 1.132490e-04 
1.122960e-04 1.130110e-04 
1.122960e-04 1.134880e-04 
1.130110e-04 1.139650e-04 
1.134880e-04 1.127720e-04 
1.139650e-04 1.130110e-04 
1.132490e-04 1.130110e-04 
1.137260e-04 1.134880e-04 
1.139650e-04 1.137260e-04 
1.137260e-04 1.134880e-04 
1.122960e-04 1.134880e-04 
1.122960e-04 1.130110e-04 
1.127720e-04 1.139650e-04 
1.134880e-04 1.137260e-04 
1.134880e-04 1.142030e-04 
1.130110e-04 1.144410e-04 
1.139650e-04 1.134880e-04 
1.130110e-04 1.137260e-04 
1.137260e-04 1.146800e-04 
1.134880e-04 1.134880e-04 
1.134880e-04 1.134880e-04 
1.139650e-04 1.139650e-04 
1.122960e-04 1.139650e-04 
1.139650e-04 1.139650e-04 
1.144410e-04 1.127720e-04 
1.127720e-04 1.132490e-04 
1.137260e-04 1.144410e-04 
1.127720e-04 1.127720e-04 
1.139650e-04 1.137260e-04 
1.134880e-04 1.134880e-04 
1.137260e-04 1.134880e-04 
1.134880e-04 1.144410e-04 
1.139650e-04 1.127720e-04 
1.127720e-04 1.144410e-04 
1.130110e-04 1.142030e-04 
1.130110e-04 1.122960e-04 
1.134880e-04 1.132490e-04 
1.130110e-04 1.134880e-04 
1.139650e-04 1.139650e-04 
1.130110e-04 1.139650e-04 
1.134880e-04 1.122960e-04 
1.134880e-04 1.118190e-04 
1.132490e-04 1.127720e-04 
1.122960e-04 1.134880e-04 
1.132490e-04 1.115800e-04 
1.122960e-04 1.122960e-04 
1.122960e-04 1.122960e-04 
1.113420e-04 1.125340e-04 
1.118190e-04 1.120570e-04 
1.122960e-04 1.125340e-04 
1.122960e-04 1.113420e-04 
1.113420e-04 1.115800e-04 
1.122960e-04 1.106270e-04 
1.111040e-04 1.111040e-04 
1.103880e-04 1.101500e-04 
1.113420e-04 1.106270e-04 
1.096730e-04 1.101500e-04 
1.108650e-04 1.106270e-04 
1.099110e-04 1.101500e-04 
1.096730e-04 1.094350e-04 
1.089580e-04 1.089580e-04 
1.089580e-04 1.096730e-04 
1.077660e-04 1.072890e-04 
1.084810e-04 1.077660e-04 
1.068120e-04 1.080040e-04 
1.063350e-04 1.068120e-04 
