1.297010e-04 9.536790e-05 
1.258860e-04 4.959130e-05 
5.722070e-05 4.577660e-05 
1.068120e-04 4.959130e-05 
7.247970e-05 1.182560e-04 
4.959130e-05 8.773850e-05 
4.577660e-05 1.029970e-04 
1.182560e-04 5.340600e-05 
1.029970e-04 9.536790e-05 
1.029970e-04 1.144410e-04 
4.959130e-05 1.258860e-04 
1.144410e-04 6.103560e-05 
5.340600e-05 8.773850e-05 
7.629440e-05 6.485030e-05 
4.577660e-05 6.866500e-05 
6.866500e-05 1.258860e-04 
1.220710e-04 6.103560e-05 
4.196190e-05 6.103560e-05 
1.068120e-04 9.918260e-05 
9.918260e-05 4.959130e-05 
5.722070e-05 1.144410e-04 
6.866500e-05 1.144410e-04 
1.029970e-04 4.577660e-05 
6.485030e-05 4.196190e-05 
4.577660e-05 1.106270e-04 
1.068120e-04 1.144410e-04 
6.866500e-05 7.629440e-05 
6.866500e-05 7.629440e-05 
1.144410e-04 1.106270e-04 
1.144410e-04 4.577660e-05 
4.577660e-05 8.392380e-05 
4.196190e-05 6.485030e-05 
7.629440e-05 4.196190e-05 
4.196190e-05 7.629440e-05 
5.340600e-05 5.722070e-05 
7.247970e-05 1.144410e-04 
1.106270e-04 8.392380e-05 
7.247970e-05 4.577660e-05 
1.144410e-04 1.106270e-04 
1.029970e-04 1.144410e-04 
1.029970e-04 1.068120e-04 
1.144410e-04 5.340600e-05 
1.029970e-04 4.196190e-05 
1.029970e-04 4.959130e-05 
4.196190e-05 4.196190e-05 
7.629440e-05 1.182560e-04 
1.029970e-04 7.629440e-05 
8.773850e-05 1.029970e-04 
1.144410e-04 1.106270e-04 
7.247970e-05 4.196190e-05 
7.247970e-05 6.103560e-05 
6.866500e-05 1.029970e-04 
5.340600e-05 5.722070e-05 
5.340600e-05 1.106270e-04 
7.629440e-05 1.258860e-04 
1.220710e-04 8.010910e-05 
4.959130e-05 1.029970e-04 
4.196190e-05 4.196190e-05 
1.068120e-04 9.918260e-05 
1.106270e-04 1.106270e-04 
1.068120e-04 4.959130e-05 
1.029970e-04 6.485030e-05 
9.536790e-05 1.144410e-04 
4.196190e-05 1.029970e-04 
1.068120e-04 1.106270e-04 
4.959130e-05 1.106270e-04 
1.144410e-04 4.959130e-05 
5.722070e-05 4.196190e-05 
1.029970e-04 1.182560e-04 
4.196190e-05 1.220710e-04 
1.182560e-04 1.220710e-04 
1.068120e-04 4.196190e-05 
1.220710e-04 1.029970e-04 
1.220710e-04 1.220710e-04 
4.959130e-05 8.392380e-05 
4.196190e-05 5.722070e-05 
1.029970e-04 6.485030e-05 
4.196190e-05 4.959130e-05 
4.196190e-05 8.010910e-05 
9.536790e-05 8.010910e-05 
4.959130e-05 5.722070e-05 
1.220710e-04 5.722070e-05 
6.866500e-05 1.106270e-04 
1.106270e-04 9.918260e-05 
7.629440e-05 1.182560e-04 
5.340600e-05 8.392380e-05 
1.182560e-04 4.959130e-05 
9.536790e-05 1.029970e-04 
5.722070e-05 1.068120e-04 
1.029970e-04 6.866500e-05 
4.577660e-05 9.536790e-05 
4.577660e-05 5.340600e-05 
5.340600e-05 6.485030e-05 
9.536790e-05 6.103560e-05 
4.196190e-05 8.392380e-05 
4.577660e-05 4.959130e-05 
9.918260e-05 1.029970e-04 
4.577660e-05 1.068120e-04 
4.959130e-05 5.340600e-05 
5.340600e-05 4.959130e-05 
4.196190e-05 4.959130e-05 
4.196190e-05 7.247970e-05 
8.010910e-05 4.196190e-05 
4.196190e-05 1.029970e-04 
9.536790e-05 4.577660e-05 
8.773850e-05 3.814720e-05 
7.247970e-05 8.010910e-05 
1.182560e-04 1.220710e-04 
4.959130e-05 5.722070e-05 
6.866500e-05 7.629440e-05 
1.068120e-04 6.103560e-05 
1.068120e-04 1.029970e-04 
4.196190e-05 9.918260e-05 
4.196190e-05 9.918260e-05 
7.247970e-05 4.196190e-05 
1.029970e-04 1.029970e-04 
4.577660e-05 4.196190e-05 
4.577660e-05 5.722070e-05 
6.866500e-05 6.103560e-05 
1.029970e-04 1.068120e-04 
1.029970e-04 3.814720e-05 
4.577660e-05 1.182560e-04 
7.629440e-05 1.182560e-04 
4.196190e-05 5.722070e-05 
6.866500e-05 6.103560e-05 
1.068120e-04 5.722070e-05 
6.866500e-05 9.918260e-05 
8.773850e-05 1.068120e-04 
6.485030e-05 4.577660e-05 
8.773850e-05 1.220710e-04 
4.196190e-05 4.196190e-05 
1.106270e-04 1.068120e-04 
1.029970e-04 4.196190e-05 
4.196190e-05 8.773850e-05 
4.959130e-05 8.773850e-05 
1.068120e-04 4.577660e-05 
4.959130e-05 9.155320e-05 
1.144410e-04 7.247970e-05 
5.722070e-05 9.536790e-05 
4.577660e-05 9.536790e-05 
4.196190e-05 6.866500e-05 
6.485030e-05 4.196190e-05 
4.196190e-05 9.918260e-05 
7.629440e-05 9.918260e-05 
1.220710e-04 1.220710e-04 
4.959130e-05 4.577660e-05 
7.247970e-05 1.029970e-04 
1.029970e-04 1.068120e-04 
9.155320e-05 1.068120e-04 
4.196190e-05 4.959130e-05 
8.773850e-05 1.144410e-04 
6.485030e-05 1.144410e-04 
1.029970e-04 5.722070e-05 
1.182560e-04 1.220710e-04 
4.959130e-05 4.577660e-05 
1.182560e-04 1.144410e-04 
1.029970e-04 7.629440e-05 
4.196190e-05 4.196190e-05 
8.773850e-05 9.918260e-05 
1.068120e-04 1.068120e-04 
1.068120e-04 1.144410e-04 
4.196190e-05 4.577660e-05 
1.068120e-04 4.196190e-05 
1.029970e-04 1.029970e-04 
6.866500e-05 6.103560e-05 
4.959130e-05 1.029970e-04 
8.773850e-05 4.959130e-05 
8.773850e-05 1.182560e-04 
7.629440e-05 4.577660e-05 
1.029970e-04 6.485030e-05 
1.144410e-04 9.155320e-05 
8.010910e-05 7.629440e-05 
1.068120e-04 8.392380e-05 
8.010910e-05 4.196190e-05 
1.144410e-04 4.196190e-05 
1.029970e-04 1.106270e-04 
8.773850e-05 1.029970e-04 
1.068120e-04 4.577660e-05 
4.577660e-05 1.029970e-04 
7.247970e-05 1.144410e-04 
1.029970e-04 9.155320e-05 
6.103560e-05 5.722070e-05 
1.182560e-04 1.220710e-04 
6.103560e-05 7.247970e-05 
1.182560e-04 5.340600e-05 
8.010910e-05 9.155320e-05 
8.010910e-05 9.155320e-05 
9.918260e-05 1.029970e-04 
1.106270e-04 1.106270e-04 
4.959130e-05 9.536790e-05 
4.959130e-05 5.340600e-05 
8.392380e-05 4.577660e-05 
4.577660e-05 7.629440e-05 
6.485030e-05 1.029970e-04 
4.577660e-05 4.959130e-05 
8.773850e-05 1.106270e-04 
4.577660e-05 1.068120e-04 
4.196190e-05 1.182560e-04 
1.106270e-04 7.629440e-05 
5.722070e-05 1.220710e-04 
1.182560e-04 6.485030e-05 
7.629440e-05 4.196190e-05 
1.068120e-04 4.959130e-05 
8.773850e-05 4.959130e-05 
9.155320e-05 1.068120e-04 
4.959130e-05 4.196190e-05 
1.029970e-04 9.918260e-05 
4.959130e-05 4.196190e-05 
4.959130e-05 8.392380e-05 
7.629440e-05 5.340600e-05 
1.068120e-04 7.629440e-05 
5.340600e-05 1.029970e-04 
1.068120e-04 4.577660e-05 
7.629440e-05 1.144410e-04 
6.103560e-05 7.247970e-05 
5.722070e-05 4.959130e-05 
1.182560e-04 7.247970e-05 
1.106270e-04 4.196190e-05 
7.629440e-05 8.773850e-05 
8.392380e-05 7.629440e-05 
8.773850e-05 1.220710e-04 
6.866500e-05 1.182560e-04 
1.220710e-04 1.220710e-04 
1.220710e-04 8.392380e-05 
1.220710e-04 4.959130e-05 
9.536790e-05 8.392380e-05 
1.220710e-04 8.773850e-05 
5.722070e-05 4.959130e-05 
7.247970e-05 1.220710e-04 
1.068120e-04 4.959130e-05 
1.144410e-04 1.029970e-04 
4.959130e-05 1.029970e-04 
8.392380e-05 9.155320e-05 
5.340600e-05 4.959130e-05 
1.029970e-04 7.247970e-05 
9.536790e-05 8.392380e-05 
4.959130e-05 6.485030e-05 
4.959130e-05 9.918260e-05 
9.536790e-05 4.959130e-05 
6.866500e-05 1.029970e-04 
9.155320e-05 1.029970e-04 
7.247970e-05 4.959130e-05 
7.247970e-05 1.182560e-04 
9.155320e-05 1.220710e-04 
1.068120e-04 6.866500e-05 
1.182560e-04 1.220710e-04 
5.340600e-05 5.340600e-05 
7.247970e-05 8.392380e-05 
9.536790e-05 6.485030e-05 
9.536790e-05 6.485030e-05 
7.247970e-05 8.010910e-05 
5.340600e-05 6.866500e-05 
1.106270e-04 1.220710e-04 
1.220710e-04 5.722070e-05 
9.155320e-05 1.029970e-04 
1.144410e-04 7.247970e-05 
1.182560e-04 1.029970e-04 
6.485030e-05 1.068120e-04 
9.918260e-05 8.392380e-05 
7.629440e-05 8.773850e-05 
1.335150e-04 6.866500e-05 
1.335150e-04 9.155320e-05 
8.010910e-05 8.010910e-05 
5.722070e-05 7.629440e-05 
8.773850e-05 1.258860e-04 
1.220710e-04 6.103560e-05 
6.866500e-05 6.866500e-05 
1.068120e-04 1.182560e-04 
7.629440e-05 5.722070e-05 
1.182560e-04 1.068120e-04 
1.029970e-04 1.335150e-04 
8.010910e-05 9.536790e-05 
1.182560e-04 1.106270e-04 
8.773850e-05 1.335150e-04 
8.773850e-05 1.220710e-04 
6.866500e-05 1.297010e-04 
8.773850e-05 6.103560e-05 
1.068120e-04 6.103560e-05 
6.866500e-05 1.029970e-04 
1.220710e-04 1.297010e-04 
6.103560e-05 8.773850e-05 
1.144410e-04 6.485030e-05 
5.722070e-05 1.106270e-04 
1.029970e-04 7.629440e-05 
1.220710e-04 5.340600e-05 
1.182560e-04 1.258860e-04 
8.392380e-05 5.722070e-05 
6.485030e-05 5.722070e-05 
1.297010e-04 7.247970e-05 
5.340600e-05 1.258860e-04 
6.485030e-05 1.182560e-04 
1.258860e-04 5.340600e-05 
7.247970e-05 8.010910e-05 
7.247970e-05 6.485030e-05 
9.155320e-05 6.103560e-05 
5.340600e-05 8.010910e-05 
1.220710e-04 7.247970e-05 
7.247970e-05 1.029970e-04 
5.340600e-05 8.010910e-05 
1.220710e-04 6.485030e-05 
7.629440e-05 4.577660e-05 
1.068120e-04 1.068120e-04 
4.959130e-05 1.068120e-04 
4.577660e-05 1.068120e-04 
1.144410e-04 6.485030e-05 
1.182560e-04 5.340600e-05 
7.629440e-05 1.144410e-04 
7.629440e-05 1.144410e-04 
5.722070e-05 4.959130e-05 
1.144410e-04 8.773850e-05 
4.196190e-05 3.814720e-05 
5.722070e-05 6.485030e-05 
7.629440e-05 1.106270e-04 
4.196190e-05 8.010910e-05 
7.247970e-05 8.773850e-05 
1.144410e-04 1.144410e-04 
4.577660e-05 7.629440e-05 
4.959130e-05 5.722070e-05 
6.485030e-05 5.340600e-05 
8.392380e-05 9.155320e-05 
4.959130e-05 3.814720e-05 
9.155320e-05 9.155320e-05 
9.155320e-05 9.155320e-05 
9.536790e-05 1.029970e-04 
1.029970e-04 8.773850e-05 
7.629440e-05 5.340600e-05 
1.029970e-04 8.773850e-05 
6.866500e-05 1.029970e-04 
1.068120e-04 1.106270e-04 
1.068120e-04 1.220710e-04 
5.722070e-05 1.029970e-04 
6.103560e-05 4.959130e-05 
1.029970e-04 1.106270e-04 
9.155320e-05 6.103560e-05 
5.340600e-05 5.340600e-05 
1.258860e-04 1.144410e-04 
7.629440e-05 1.182560e-04 
5.722070e-05 5.722070e-05 
7.629440e-05 6.103560e-05 
1.297010e-04 1.182560e-04 
8.392380e-05 9.536790e-05 
8.773850e-05 1.182560e-04 
8.773850e-05 6.485030e-05 
7.629440e-05 1.335150e-04 
6.866500e-05 1.029970e-04 
9.536790e-05 7.247970e-05 
7.629440e-05 7.247970e-05 
8.010910e-05 1.029970e-04 
7.247970e-05 8.392380e-05 
7.247970e-05 8.392380e-05 
8.773850e-05 1.297010e-04 
7.629440e-05 9.536790e-05 
8.010910e-05 1.411450e-04 
8.773850e-05 7.629440e-05 
7.629440e-05 9.536790e-05 
8.392380e-05 1.525890e-04 
1.258860e-04 1.297010e-04 
1.525890e-04 9.918260e-05 
8.010910e-05 1.144410e-04 
9.155320e-05 1.029970e-04 
1.449590e-04 1.373300e-04 
1.144410e-04 8.392380e-05 
9.918260e-05 9.155320e-05 
9.918260e-05 8.392380e-05 
8.392380e-05 9.155320e-05 
9.918260e-05 1.182560e-04 
1.297010e-04 8.392380e-05 
1.449590e-04 1.029970e-04 
1.449590e-04 1.487740e-04 
1.297010e-04 1.449590e-04 
1.335150e-04 1.564040e-04 
1.335150e-04 9.536790e-05 
9.536790e-05 1.106270e-04 
1.602180e-04 1.449590e-04 
1.411450e-04 1.029970e-04 
1.297010e-04 9.918260e-05 
1.449590e-04 1.182560e-04 
1.564040e-04 1.602180e-04 
1.297010e-04 1.373300e-04 
1.068120e-04 1.220710e-04 
1.068120e-04 1.182560e-04 
1.068120e-04 1.373300e-04 
1.297010e-04 1.373300e-04 
1.640330e-04 1.335150e-04 
1.068120e-04 9.536790e-05 
1.564040e-04 1.564040e-04 
1.564040e-04 1.144410e-04 
9.536790e-05 1.602180e-04 
1.564040e-04 9.918260e-05 
9.918260e-05 1.220710e-04 
1.297010e-04 1.411450e-04 
1.297010e-04 1.411450e-04 
1.029970e-04 1.678480e-04 
1.106270e-04 9.918260e-05 
1.564040e-04 1.106270e-04 
1.564040e-04 1.411450e-04 
1.449590e-04 1.029970e-04 
1.220710e-04 1.716620e-04 
1.068120e-04 1.525890e-04 
1.564040e-04 1.335150e-04 
1.411450e-04 1.068120e-04 
1.182560e-04 1.411450e-04 
1.602180e-04 1.029970e-04 
1.258860e-04 1.182560e-04 
1.564040e-04 1.602180e-04 
1.640330e-04 1.487740e-04 
1.297010e-04 1.144410e-04 
1.335150e-04 1.449590e-04 
1.678480e-04 1.525890e-04 
1.068120e-04 1.029970e-04 
1.029970e-04 1.602180e-04 
1.487740e-04 1.068120e-04 
1.373300e-04 1.144410e-04 
1.564040e-04 1.029970e-04 
1.335150e-04 1.602180e-04 
1.678480e-04 1.754770e-04 
1.564040e-04 1.335150e-04 
1.335150e-04 1.525890e-04 
1.411450e-04 1.602180e-04 
1.144410e-04 1.564040e-04 
1.678480e-04 1.640330e-04 
1.068120e-04 1.335150e-04 
1.640330e-04 1.411450e-04 
1.258860e-04 1.678480e-04 
1.068120e-04 1.564040e-04 
1.640330e-04 1.106270e-04 
1.335150e-04 1.678480e-04 
1.831060e-04 1.373300e-04 
1.258860e-04 1.792920e-04 
1.068120e-04 1.335150e-04 
1.297010e-04 1.792920e-04 
1.754770e-04 1.487740e-04 
1.564040e-04 1.754770e-04 
1.564040e-04 1.564040e-04 
1.449590e-04 1.220710e-04 
1.487740e-04 1.220710e-04 
1.640330e-04 1.297010e-04 
1.564040e-04 1.297010e-04 
1.373300e-04 1.716620e-04 
1.792920e-04 1.144410e-04 
1.144410e-04 1.182560e-04 
1.411450e-04 1.297010e-04 
1.297010e-04 1.144410e-04 
1.640330e-04 1.297010e-04 
1.144410e-04 1.640330e-04 
1.182560e-04 1.525890e-04 
1.564040e-04 1.373300e-04 
1.487740e-04 1.297010e-04 
1.373300e-04 1.487740e-04 
1.373300e-04 1.792920e-04 
1.716620e-04 1.564040e-04 
1.869210e-04 1.487740e-04 
1.258860e-04 1.411450e-04 
1.297010e-04 1.564040e-04 
1.602180e-04 1.564040e-04 
1.258860e-04 1.754770e-04 
1.258860e-04 1.525890e-04 
1.220710e-04 1.297010e-04 
1.831060e-04 1.297010e-04 
1.945500e-04 1.487740e-04 
1.869210e-04 1.831060e-04 
1.258860e-04 1.411450e-04 
1.907360e-04 1.297010e-04 
1.945500e-04 1.602180e-04 
1.297010e-04 1.945500e-04 
1.411450e-04 1.335150e-04 
1.297010e-04 1.716620e-04 
1.716620e-04 1.297010e-04 
1.564040e-04 1.640330e-04 
1.945500e-04 1.297010e-04 
1.907360e-04 1.945500e-04 
1.297010e-04 1.907360e-04 
1.373300e-04 1.831060e-04 
1.831060e-04 1.869210e-04 
1.335150e-04 1.869210e-04 
1.297010e-04 1.678480e-04 
1.754770e-04 1.335150e-04 
1.983650e-04 1.335150e-04 
1.411450e-04 1.945500e-04 
1.831060e-04 1.869210e-04 
1.640330e-04 1.564040e-04 
1.487740e-04 1.373300e-04 
1.907360e-04 1.831060e-04 
1.297010e-04 1.792920e-04 
1.373300e-04 1.335150e-04 
1.564040e-04 1.907360e-04 
1.945500e-04 1.335150e-04 
1.945500e-04 1.716620e-04 
1.640330e-04 1.373300e-04 
2.059950e-04 1.411450e-04 
1.945500e-04 1.869210e-04 
1.792920e-04 2.021800e-04 
1.487740e-04 1.411450e-04 
1.487740e-04 2.059950e-04 
2.021800e-04 1.487740e-04 
1.869210e-04 1.373300e-04 
1.373300e-04 1.907360e-04 
1.602180e-04 1.831060e-04 
1.831060e-04 1.411450e-04 
1.373300e-04 1.564040e-04 
1.487740e-04 1.869210e-04 
1.831060e-04 2.098090e-04 
1.411450e-04 1.373300e-04 
1.754770e-04 1.411450e-04 
1.411450e-04 1.564040e-04 
1.640330e-04 1.754770e-04 
1.640330e-04 1.564040e-04 
1.602180e-04 1.564040e-04 
1.449590e-04 1.983650e-04 
1.564040e-04 2.098090e-04 
1.564040e-04 1.602180e-04 
1.716620e-04 1.602180e-04 
1.831060e-04 1.907360e-04 
1.411450e-04 1.716620e-04 
1.716620e-04 1.945500e-04 
1.449590e-04 1.411450e-04 
1.411450e-04 1.602180e-04 
2.098090e-04 2.059950e-04 
2.098090e-04 1.945500e-04 
1.487740e-04 1.640330e-04 
1.754770e-04 1.831060e-04 
1.945500e-04 1.564040e-04 
2.098090e-04 1.411450e-04 
2.021800e-04 1.907360e-04 
1.983650e-04 1.525890e-04 
1.602180e-04 1.983650e-04 
1.983650e-04 1.411450e-04 
1.564040e-04 1.564040e-04 
1.487740e-04 1.983650e-04 
1.907360e-04 2.098090e-04 
1.754770e-04 1.983650e-04 
1.983650e-04 2.098090e-04 
1.678480e-04 1.411450e-04 
1.831060e-04 1.525890e-04 
1.754770e-04 1.411450e-04 
1.983650e-04 1.564040e-04 
1.487740e-04 1.716620e-04 
2.059950e-04 1.564040e-04 
1.373300e-04 1.564040e-04 
1.945500e-04 1.831060e-04 
1.564040e-04 1.449590e-04 
1.869210e-04 1.411450e-04 
1.907360e-04 1.831060e-04 
1.449590e-04 1.945500e-04 
1.716620e-04 1.869210e-04 
1.373300e-04 2.021800e-04 
1.907360e-04 1.373300e-04 
1.335150e-04 1.831060e-04 
1.983650e-04 1.831060e-04 
1.335150e-04 1.297010e-04 
1.487740e-04 1.297010e-04 
1.373300e-04 1.640330e-04 
1.564040e-04 1.449590e-04 
1.297010e-04 1.449590e-04 
1.678480e-04 1.831060e-04 
1.716620e-04 1.678480e-04 
1.258860e-04 1.373300e-04 
1.792920e-04 1.869210e-04 
1.564040e-04 1.220710e-04 
1.335150e-04 1.564040e-04 
1.831060e-04 1.144410e-04 
1.716620e-04 1.831060e-04 
1.678480e-04 1.678480e-04 
1.678480e-04 1.106270e-04 
1.144410e-04 1.182560e-04 
1.220710e-04 1.106270e-04 
1.297010e-04 1.411450e-04 
1.411450e-04 1.182560e-04 
1.029970e-04 1.564040e-04 
1.487740e-04 1.220710e-04 
1.182560e-04 1.068120e-04 
1.144410e-04 9.918260e-05 
1.029970e-04 1.564040e-04 
1.297010e-04 1.029970e-04 
1.068120e-04 1.258860e-04 
1.258860e-04 1.487740e-04 
9.536790e-05 1.220710e-04 
1.373300e-04 1.373300e-04 
1.297010e-04 7.629440e-05 
8.010910e-05 8.773850e-05 
7.629440e-05 1.373300e-04 
1.373300e-04 1.068120e-04 
1.373300e-04 1.068120e-04 
8.392380e-05 6.866500e-05 
1.220710e-04 7.247970e-05 
1.220710e-04 1.144410e-04 
8.773850e-05 8.010910e-05 
1.144410e-04 1.258860e-04 
1.068120e-04 1.106270e-04 
7.629440e-05 8.773850e-05 
5.340600e-05 1.220710e-04 
1.029970e-04 6.103560e-05 
1.144410e-04 4.959130e-05 
1.029970e-04 9.536790e-05 
7.629440e-05 4.959130e-05 
6.866500e-05 7.629440e-05 
9.918260e-05 9.918260e-05 
1.029970e-04 7.247970e-05 
4.577660e-05 4.959130e-05 
4.196190e-05 8.392380e-05 
1.029970e-04 1.029970e-04 
7.629440e-05 3.814720e-05 
1.029970e-04 7.629440e-05 
3.814720e-05 1.029970e-04 
4.959130e-05 4.196190e-05 
9.536790e-05 4.196190e-05 
4.196190e-05 5.340600e-05 
5.722070e-05 3.433250e-05 
5.722070e-05 6.485030e-05 
3.433250e-05 4.577660e-05 
3.433250e-05 3.433250e-05 
4.577660e-05 3.814720e-05 
4.577660e-05 7.629440e-05 
7.629440e-05 4.577660e-05 
9.918260e-05 1.029970e-04 
6.103560e-05 8.392380e-05 
6.103560e-05 1.029970e-04 
8.773850e-05 3.051780e-05 
7.247970e-05 3.814720e-05 
3.433250e-05 1.029970e-04 
3.814720e-05 5.340600e-05 
9.155320e-05 3.051780e-05 
3.051780e-05 3.433250e-05 
8.773850e-05 3.051780e-05 
3.433250e-05 8.392380e-05 
5.722070e-05 3.433250e-05 
8.773850e-05 3.814720e-05 
3.051780e-05 3.051780e-05 
6.485030e-05 3.051780e-05 
5.340600e-05 8.010910e-05 
7.629440e-05 6.485030e-05 
3.433250e-05 5.722070e-05 
4.959130e-05 8.773850e-05 
3.051780e-05 3.433250e-05 
7.629440e-05 8.773850e-05 
9.536790e-05 7.629440e-05 
8.392380e-05 1.106270e-04 
5.340600e-05 9.155320e-05 
3.433250e-05 3.051780e-05 
3.433250e-05 8.773850e-05 
8.010910e-05 1.029970e-04 
9.155320e-05 5.722070e-05 
4.959130e-05 4.196190e-05 
3.433250e-05 4.196190e-05 
4.196190e-05 3.814720e-05 
9.918260e-05 4.577660e-05 
3.433250e-05 9.155320e-05 
8.010910e-05 1.029970e-04 
4.959130e-05 4.196190e-05 
4.577660e-05 7.247970e-05 
9.155320e-05 3.814720e-05 
4.196190e-05 9.155320e-05 
3.814720e-05 5.340600e-05 
1.029970e-04 5.340600e-05 
3.814720e-05 4.196190e-05 
4.577660e-05 7.629440e-05 
6.866500e-05 9.918260e-05 
4.959130e-05 6.866500e-05 
9.918260e-05 9.918260e-05 
9.155320e-05 8.392380e-05 
5.722070e-05 9.536790e-05 
8.392380e-05 1.068120e-04 
7.629440e-05 1.182560e-04 
1.144410e-04 1.106270e-04 
1.220710e-04 1.144410e-04 
1.258860e-04 1.258860e-04 
6.485030e-05 8.392380e-05 
1.297010e-04 1.068120e-04 
1.335150e-04 1.029970e-04 
1.297010e-04 9.155320e-05 
8.010910e-05 9.918260e-05 
1.144410e-04 1.487740e-04 
8.010910e-05 1.411450e-04 
1.220710e-04 1.258860e-04 
1.220710e-04 1.297010e-04 
1.106270e-04 1.411450e-04 
1.602180e-04 1.106270e-04 
1.029970e-04 1.297010e-04 
1.029970e-04 1.564040e-04 
1.373300e-04 1.640330e-04 
1.373300e-04 1.640330e-04 
1.182560e-04 1.602180e-04 
1.449590e-04 1.678480e-04 
1.831060e-04 1.258860e-04 
1.754770e-04 1.411450e-04 
1.297010e-04 1.335150e-04 
1.602180e-04 1.373300e-04 
1.564040e-04 1.449590e-04 
2.021800e-04 1.602180e-04 
1.754770e-04 1.564040e-04 
2.021800e-04 1.678480e-04 
1.869210e-04 1.602180e-04 
1.716620e-04 1.678480e-04 
2.059950e-04 2.098090e-04 
1.983650e-04 2.212530e-04 
2.326970e-04 2.059950e-04 
2.403270e-04 2.098090e-04 
1.831060e-04 2.441420e-04 
1.831060e-04 1.831060e-04 
1.945500e-04 2.365120e-04 
1.945500e-04 1.983650e-04 
1.907360e-04 2.288830e-04 
2.441420e-04 2.365120e-04 
2.594010e-04 2.136240e-04 
2.365120e-04 2.632160e-04 
2.059950e-04 2.098090e-04 
2.365120e-04 2.212530e-04 
2.326970e-04 2.746600e-04 
2.403270e-04 2.250680e-04 
2.784750e-04 2.670310e-04 
2.555870e-04 2.441420e-04 
2.670310e-04 2.288830e-04 
2.746600e-04 2.212530e-04 
2.632160e-04 2.822890e-04 
2.861040e-04 2.899190e-04 
2.632160e-04 2.326970e-04 
2.441420e-04 2.365120e-04 
2.326970e-04 2.670310e-04 
2.822890e-04 2.326970e-04 
2.746600e-04 2.441420e-04 
2.441420e-04 2.937340e-04 
2.479570e-04 2.784750e-04 
2.555870e-04 2.975480e-04 
2.746600e-04 2.975480e-04 
2.479570e-04 3.013630e-04 
2.746600e-04 2.594010e-04 
2.937340e-04 2.632160e-04 
2.594010e-04 2.441420e-04 
2.632160e-04 2.441420e-04 
2.822890e-04 2.861040e-04 
2.899190e-04 2.822890e-04 
3.089920e-04 2.899190e-04 
3.013630e-04 2.899190e-04 
2.555870e-04 2.479570e-04 
3.013630e-04 2.670310e-04 
2.746600e-04 2.555870e-04 
2.632160e-04 2.822890e-04 
3.013630e-04 2.899190e-04 
3.051780e-04 3.013630e-04 
2.594010e-04 3.089920e-04 
2.479570e-04 3.128070e-04 
2.479570e-04 3.013630e-04 
3.013630e-04 2.632160e-04 
2.479570e-04 2.479570e-04 
2.555870e-04 3.089920e-04 
2.899190e-04 2.632160e-04 
2.670310e-04 2.899190e-04 
2.822890e-04 2.899190e-04 
3.013630e-04 2.822890e-04 
2.899190e-04 3.013630e-04 
2.937340e-04 2.479570e-04 
3.013630e-04 2.632160e-04 
2.899190e-04 2.822890e-04 
2.555870e-04 2.708450e-04 
2.517720e-04 2.517720e-04 
2.975480e-04 3.128070e-04 
2.899190e-04 3.128070e-04 
2.517720e-04 2.479570e-04 
3.128070e-04 2.517720e-04 
2.937340e-04 3.013630e-04 
3.128070e-04 3.089920e-04 
3.013630e-04 2.899190e-04 
2.861040e-04 2.594010e-04 
2.479570e-04 2.555870e-04 
2.517720e-04 2.670310e-04 
2.784750e-04 2.708450e-04 
2.822890e-04 3.013630e-04 
2.708450e-04 3.013630e-04 
2.479570e-04 2.517720e-04 
2.899190e-04 2.822890e-04 
2.594010e-04 3.013630e-04 
2.517720e-04 2.899190e-04 
2.822890e-04 2.861040e-04 
2.594010e-04 2.632160e-04 
2.517720e-04 2.899190e-04 
3.013630e-04 2.632160e-04 
3.128070e-04 2.670310e-04 
3.128070e-04 2.899190e-04 
2.479570e-04 2.517720e-04 
2.632160e-04 2.555870e-04 
3.051780e-04 2.632160e-04 
2.784750e-04 3.051780e-04 
2.784750e-04 2.784750e-04 
2.746600e-04 2.632160e-04 
2.822890e-04 3.128070e-04 
2.632160e-04 2.822890e-04 
2.594010e-04 2.670310e-04 
2.479570e-04 3.128070e-04 
2.632160e-04 2.555870e-04 
2.479570e-04 2.594010e-04 
2.822890e-04 2.479570e-04 
3.013630e-04 2.937340e-04 
3.051780e-04 2.861040e-04 
2.632160e-04 3.013630e-04 
2.632160e-04 2.670310e-04 
2.632160e-04 2.975480e-04 
2.517720e-04 2.975480e-04 
2.822890e-04 2.555870e-04 
2.746600e-04 2.822890e-04 
3.128070e-04 3.089920e-04 
2.517720e-04 2.479570e-04 
2.861040e-04 3.051780e-04 
2.594010e-04 2.822890e-04 
3.013630e-04 2.899190e-04 
2.479570e-04 2.479570e-04 
2.594010e-04 3.013630e-04 
2.632160e-04 2.517720e-04 
3.013630e-04 3.128070e-04 
3.051780e-04 2.555870e-04 
3.128070e-04 2.632160e-04 
2.784750e-04 2.632160e-04 
2.746600e-04 2.784750e-04 
2.594010e-04 2.975480e-04 
9.848070e-02 9.854560e-02 
9.852650e-02 9.850360e-02 
9.847310e-02 9.848450e-02 
9.841970e-02 9.841200e-02 
9.842350e-02 9.839680e-02 
9.839300e-02 9.835100e-02 
9.834340e-02 9.837770e-02 
9.829760e-02 9.836630e-02 
9.829760e-02 9.829760e-02 
9.828620e-02 9.825560e-02 
9.823660e-02 9.825560e-02 
9.817170e-02 9.817550e-02 
9.819840e-02 9.816030e-02 
9.812590e-02 9.808020e-02 
9.811830e-02 9.803820e-02 
9.806870e-02 9.804200e-02 
9.798480e-02 9.796950e-02 
9.794660e-02 9.800000e-02 
9.791990e-02 9.791990e-02 
9.794660e-02 9.784750e-02 
9.786270e-02 9.784750e-02 
9.787800e-02 9.777500e-02 
9.776740e-02 9.774830e-02 
9.772920e-02 9.771010e-02 
9.775970e-02 9.770630e-02 
9.770630e-02 9.764150e-02 
9.763000e-02 9.760330e-02 
9.764150e-02 9.763000e-02 
9.759190e-02 9.758420e-02 
9.749270e-02 9.748890e-02 
9.751180e-02 9.743930e-02 
9.745070e-02 9.745070e-02 
9.737830e-02 9.737060e-02 
9.739730e-02 9.732480e-02 
9.733630e-02 9.732870e-02 
9.729430e-02 9.730960e-02 
9.726380e-02 9.721800e-02 
9.720280e-02 9.724470e-02 
9.723330e-02 9.718370e-02 
9.719510e-02 9.717230e-02 
9.715320e-02 9.713410e-02 
9.705020e-02 9.708830e-02 
9.701970e-02 9.704260e-02 
9.698920e-02 9.695100e-02 
9.692430e-02 9.696630e-02 
9.697010e-02 9.695480e-02 
9.687090e-02 9.686330e-02 
9.685950e-02 9.686710e-02 
9.685560e-02 9.680990e-02 
9.674500e-02 9.676790e-02 
9.674120e-02 9.670310e-02 
9.673740e-02 9.671070e-02 
9.663060e-02 9.663060e-02 
9.666490e-02 9.664580e-02 
9.663060e-02 9.657720e-02 
9.658860e-02 9.649320e-02 
9.652380e-02 9.649710e-02 
9.643980e-02 9.647800e-02 
9.646650e-02 9.640170e-02 
9.642840e-02 9.636740e-02 
9.632160e-02 9.634070e-02 
9.629490e-02 9.626050e-02 
9.632160e-02 9.623000e-02 
9.625670e-02 9.626050e-02 
9.623380e-02 9.616900e-02 
9.620330e-02 9.616520e-02 
9.609650e-02 9.607740e-02 
9.604690e-02 9.610030e-02 
9.607360e-02 9.598970e-02 
9.604690e-02 9.599730e-02 
9.596680e-02 9.596300e-02 
9.589430e-02 9.594770e-02 
9.591720e-02 9.590580e-02 
9.589430e-02 9.582190e-02 
9.579130e-02 9.576460e-02 
9.574170e-02 9.572650e-02 
9.573410e-02 9.570360e-02 
9.567310e-02 9.566930e-02 
9.567690e-02 9.560060e-02 
9.561590e-02 9.556250e-02 
9.554720e-02 9.560440e-02 
9.550910e-02 9.549380e-02 
9.553190e-02 9.550140e-02 
9.549000e-02 9.543280e-02 
9.545180e-02 9.536410e-02 
9.538320e-02 9.540990e-02 
9.531450e-02 9.529160e-02 
9.531830e-02 9.526110e-02 
9.530310e-02 9.528020e-02 
9.526110e-02 9.523060e-02 
9.521910e-02 9.515430e-02 
9.514280e-02 9.509330e-02 
9.508180e-02 9.510090e-02 
9.509330e-02 9.502080e-02 
9.501700e-02 9.497880e-02 
9.497880e-02 9.498640e-02 
9.497120e-02 9.490630e-02 
9.495210e-02 9.485670e-02 
9.484150e-02 9.484530e-02 
9.479570e-02 9.479190e-02 
9.478040e-02 9.474610e-02 
9.473470e-02 9.472700e-02 
9.469270e-02 9.466600e-02 
9.472320e-02 9.469650e-02 
9.463550e-02 9.466980e-02 
9.457830e-02 9.458210e-02 
9.457060e-02 9.454010e-02 
9.455160e-02 9.450580e-02 
9.446000e-02 9.444480e-02 
9.443710e-02 9.447150e-02 
9.440660e-02 9.442950e-02 
9.434560e-02 9.431510e-02 
9.432650e-02 9.427310e-02 
9.428070e-02 9.421970e-02 
9.421210e-02 9.418150e-02 
9.423110e-02 9.418920e-02 
9.413190e-02 9.413190e-02 
9.409000e-02 9.412810e-02 
9.408240e-02 9.408620e-02 
9.407470e-02 9.404800e-02 
9.398320e-02 9.403660e-02 
9.402130e-02 9.397550e-02 
9.392980e-02 9.389930e-02 
9.394880e-02 9.387250e-02 
9.388020e-02 9.390690e-02 
9.389160e-02 9.385350e-02 
9.379240e-02 9.382680e-02 
9.381530e-02 9.372000e-02 
9.378100e-02 9.374670e-02 
9.371610e-02 9.365130e-02 
9.368940e-02 9.361310e-02 
9.364750e-02 9.362460e-02 
9.352920e-02 9.350250e-02 
9.352160e-02 9.347580e-02 
9.346440e-02 9.347580e-02 
9.339570e-02 9.338050e-02 
9.340330e-02 9.332700e-02 
9.328890e-02 9.326980e-02 
9.330800e-02 9.321640e-02 
9.326980e-02 9.317450e-02 
9.318590e-02 9.317450e-02 
9.312490e-02 9.314780e-02 
9.314010e-02 9.307910e-02 
9.310200e-02 9.307530e-02 
9.307530e-02 9.300280e-02 
9.297610e-02 9.295320e-02 
9.297990e-02 9.297610e-02 
9.296460e-02 9.291890e-02 
9.289220e-02 9.288840e-02 
9.285400e-02 9.288840e-02 
9.287690e-02 9.284640e-02 
9.280440e-02 9.281970e-02 
9.283110e-02 9.282350e-02 
9.281590e-02 9.275100e-02 
9.273200e-02 9.274340e-02 
9.277010e-02 9.273960e-02 
9.273200e-02 9.265570e-02 
9.265950e-02 9.265570e-02 
9.267470e-02 9.265950e-02 
9.260990e-02 9.260610e-02 
9.260230e-02 9.251830e-02 
9.249930e-02 9.253740e-02 
9.245350e-02 9.247640e-02 
9.247260e-02 9.244590e-02 
9.238860e-02 9.235050e-02 
9.236960e-02 9.231230e-02 
9.226270e-02 9.228940e-02 
9.222460e-02 9.220930e-02 
9.216360e-02 9.212540e-02 
9.208350e-02 9.212540e-02 
9.205680e-02 9.201860e-02 
9.200720e-02 9.200720e-02 
9.195760e-02 9.190800e-02 
9.184690e-02 9.188130e-02 
9.181640e-02 9.182790e-02 
9.179740e-02 9.174010e-02 
9.176680e-02 9.171340e-02 
9.164480e-02 9.166380e-02 
9.166000e-02 9.158370e-02 
9.161040e-02 9.156850e-02 
9.157610e-02 9.147310e-02 
9.147310e-02 9.146550e-02 
9.148070e-02 9.145020e-02 
9.137010e-02 9.141970e-02 
9.134340e-02 9.130530e-02 
9.131290e-02 9.132430e-02 
9.127860e-02 9.122510e-02 
9.126330e-02 9.125190e-02 
9.119840e-02 9.117170e-02 
9.120230e-02 9.112600e-02 
9.111450e-02 9.114890e-02 
9.107640e-02 9.111830e-02 
9.104590e-02 9.107260e-02 
9.102300e-02 9.101530e-02 
9.101150e-02 9.104970e-02 
9.104970e-02 9.096570e-02 
9.101150e-02 9.096960e-02 
9.098100e-02 9.096960e-02 
9.097340e-02 9.097340e-02 
9.096960e-02 9.098480e-02 
9.098100e-02 9.091230e-02 
9.090090e-02 9.096570e-02 
9.090090e-02 9.091230e-02 
9.089330e-02 9.093900e-02 
9.094290e-02 9.092000e-02 
9.087800e-02 9.092760e-02 
9.092000e-02 9.087800e-02 
9.084370e-02 9.086660e-02 
9.088950e-02 9.083990e-02 
9.086660e-02 9.086660e-02 
9.081320e-02 9.081320e-02 
9.084370e-02 9.082460e-02 
9.074830e-02 9.077500e-02 
9.075210e-02 9.069490e-02 
9.072920e-02 9.067960e-02 
9.066060e-02 9.066820e-02 
9.063770e-02 9.059950e-02 
9.053090e-02 9.051180e-02 
9.049270e-02 9.047750e-02 
9.043550e-02 9.041640e-02 
9.040120e-02 9.033250e-02 
9.032110e-02 9.029050e-02 
9.026000e-02 9.019520e-02 
9.019140e-02 9.015700e-02 
9.006170e-02 9.007310e-02 
9.002730e-02 9.000830e-02 
8.995870e-02 8.989760e-02 
8.985570e-02 8.981370e-02 
8.984420e-02 8.979080e-02 
8.970690e-02 8.974120e-02 
8.967640e-02 8.960390e-02 
8.961150e-02 8.960390e-02 
8.950850e-02 8.951230e-02 
8.946660e-02 8.946280e-02 
8.940940e-02 8.941700e-02 
8.933690e-02 8.927970e-02 
8.925680e-02 8.921860e-02 
8.924910e-02 8.919570e-02 
8.913090e-02 8.910040e-02 
8.907750e-02 8.910040e-02 
8.909650e-02 8.899740e-02 
8.897830e-02 8.897070e-02 
8.893630e-02 8.890580e-02 
8.892870e-02 8.890200e-02 
8.886000e-02 8.885240e-02 
8.876470e-02 8.874560e-02 
8.870360e-02 8.871130e-02 
8.872650e-02 8.866170e-02 
8.862730e-02 8.863120e-02 
8.855490e-02 8.854720e-02 
8.851670e-02 8.849000e-02 
8.848240e-02 8.850530e-02 
8.848240e-02 8.845950e-02 
8.837180e-02 8.839460e-02 
8.838320e-02 8.836410e-02 
8.834510e-02 8.831830e-02 
8.829160e-02 8.822300e-02 
8.824590e-02 8.816190e-02 
8.815810e-02 8.811240e-02 
8.814290e-02 8.814290e-02 
8.807800e-02 8.808570e-02 
8.805130e-02 8.804370e-02 
8.797500e-02 8.795210e-02 
8.793310e-02 8.791780e-02 
8.791020e-02 8.792160e-02 
8.785300e-02 8.784150e-02 
8.781100e-02 8.785300e-02 
8.780720e-02 8.775760e-02 
8.772330e-02 8.777280e-02 
8.775000e-02 8.772330e-02 
8.772330e-02 8.765460e-02 
8.768130e-02 8.760500e-02 
8.763930e-02 8.756300e-02 
8.762030e-02 8.755160e-02 
8.758210e-02 8.754780e-02 
8.754010e-02 8.751340e-02 
8.749060e-02 8.750200e-02 
8.748290e-02 8.744100e-02 
8.746000e-02 8.744860e-02 
8.744860e-02 8.737990e-02 
8.739520e-02 8.740660e-02 
8.734180e-02 8.732270e-02 
8.737610e-02 8.735700e-02 
8.730360e-02 8.733030e-02 
8.727690e-02 8.733420e-02 
8.731890e-02 8.732270e-02 
8.725020e-02 8.726930e-02 
8.729220e-02 8.731130e-02 
8.723500e-02 8.723880e-02 
8.730360e-02 8.728460e-02 
8.729220e-02 8.724640e-02 
8.723880e-02 8.726550e-02 
8.727690e-02 8.727310e-02 
8.726550e-02 8.729600e-02 
8.727690e-02 8.730750e-02 
8.730360e-02 8.734180e-02 
8.728080e-02 8.732270e-02 
8.734180e-02 8.732270e-02 
8.732650e-02 8.739520e-02 
8.734940e-02 8.738370e-02 
8.736090e-02 8.743720e-02 
8.744480e-02 8.739900e-02 
8.746770e-02 8.746390e-02 
8.748670e-02 8.751340e-02 
8.746000e-02 8.754780e-02 
8.748670e-02 8.754400e-02 
8.758590e-02 8.757070e-02 
8.761260e-02 8.757830e-02 
8.755920e-02 8.763930e-02 
8.757450e-02 8.759740e-02 
8.760120e-02 8.766600e-02 
8.762410e-02 8.764310e-02 
8.769270e-02 8.763930e-02 
8.765840e-02 8.765080e-02 
8.768510e-02 8.769270e-02 
8.769660e-02 8.763930e-02 
8.765080e-02 8.761260e-02 
8.762030e-02 8.763930e-02 
8.762030e-02 8.763170e-02 
8.762790e-02 8.755540e-02 
8.754010e-02 8.757830e-02 
8.749820e-02 8.754010e-02 
8.748290e-02 8.747150e-02 
8.745620e-02 8.739140e-02 
8.737230e-02 8.733030e-02 
8.728080e-02 8.731130e-02 
8.726930e-02 8.724640e-02 
8.718540e-02 8.710910e-02 
8.711670e-02 8.706710e-02 
8.697940e-02 8.696030e-02 
8.688780e-02 8.683440e-02 
8.678480e-02 8.680010e-02 
8.674670e-02 8.664370e-02 
8.661320e-02 8.655600e-02 
8.653310e-02 8.647580e-02 
8.640340e-02 8.635380e-02 
8.636900e-02 8.625460e-02 
8.621260e-02 8.615540e-02 
8.614780e-02 8.613250e-02 
8.606000e-02 8.599900e-02 
8.596090e-02 8.590360e-02 
8.587690e-02 8.581590e-02 
8.573960e-02 8.570910e-02 
8.571670e-02 8.565950e-02 
8.560990e-02 8.553360e-02 
8.546880e-02 8.545350e-02 
8.542680e-02 8.540770e-02 
8.533530e-02 8.527800e-02 
8.522840e-02 8.519030e-02 
8.517120e-02 8.511020e-02 
8.512540e-02 8.504150e-02 
8.500720e-02 8.498050e-02 
8.499960e-02 8.491180e-02 
8.485460e-02 8.488510e-02 
8.482030e-02 8.477450e-02 
8.474780e-02 8.472490e-02 
8.466010e-02 8.469060e-02 
8.459140e-02 8.456470e-02 
8.454180e-02 8.451510e-02 
8.449600e-02 8.448840e-02 
8.445790e-02 8.441590e-02 
8.433580e-02 8.433960e-02 
8.433580e-02 8.428240e-02 
8.422900e-02 8.422900e-02 
8.419850e-02 8.413740e-02 
8.418320e-02 8.412600e-02 
8.408400e-02 8.408780e-02 
8.407640e-02 8.404970e-02 
8.401540e-02 8.398870e-02 
8.394290e-02 8.390470e-02 
8.392380e-02 8.388950e-02 
8.381700e-02 8.377500e-02 
8.382460e-02 8.379790e-02 
8.375600e-02 8.373690e-02 
8.367970e-02 8.366440e-02 
8.363010e-02 8.359580e-02 
8.363390e-02 8.361100e-02 
8.359190e-02 8.349660e-02 
8.347370e-02 8.345840e-02 
8.350420e-02 8.341650e-02 
8.344320e-02 8.337070e-02 
8.335160e-02 8.334400e-02 
8.333640e-02 8.335160e-02 
8.333640e-02 8.324480e-02 
8.324100e-02 8.321050e-02 
8.324860e-02 8.317230e-02 
8.315710e-02 8.312270e-02 
8.311890e-02 8.314940e-02 
8.307310e-02 8.306170e-02 
8.309220e-02 8.307700e-02 
8.299300e-02 8.302350e-02 
8.295110e-02 8.298540e-02 
8.298920e-02 8.290150e-02 
8.288620e-02 8.288240e-02 
8.285190e-02 8.288620e-02 
8.281370e-02 8.279470e-02 
8.278700e-02 8.279470e-02 
8.280990e-02 8.272220e-02 
8.273360e-02 8.274890e-02 
8.271840e-02 8.272220e-02 
8.265350e-02 8.261540e-02 
8.262300e-02 8.264590e-02 
8.262300e-02 8.258100e-02 
8.258100e-02 8.255430e-02 
8.255430e-02 8.252380e-02 
8.245900e-02 8.245520e-02 
8.245130e-02 8.245520e-02 
8.244370e-02 8.244370e-02 
8.241320e-02 8.239030e-02 
8.236360e-02 8.231020e-02 
8.234070e-02 8.232930e-02 
8.226820e-02 8.227970e-02 
8.228350e-02 8.223390e-02 
8.222630e-02 8.218430e-02 
8.220340e-02 8.217670e-02 
8.217670e-02 8.212710e-02 
8.211570e-02 8.210040e-02 
8.206990e-02 8.208510e-02 
8.204320e-02 8.200120e-02 
8.202410e-02 8.200880e-02 
8.198210e-02 8.191730e-02 
8.193640e-02 8.194020e-02 
8.190200e-02 8.190200e-02 
8.182950e-02 8.180280e-02 
8.184100e-02 8.182950e-02 
8.175710e-02 8.176850e-02 
8.176470e-02 8.169600e-02 
8.166930e-02 8.168080e-02 
8.165030e-02 8.161590e-02 
8.163880e-02 8.160830e-02 
8.161970e-02 8.159300e-02 
8.154340e-02 8.153960e-02 
8.154340e-02 8.152060e-02 
8.148240e-02 8.145570e-02 
8.140610e-02 8.141370e-02 
8.142140e-02 8.140990e-02 
8.135650e-02 8.130690e-02 
8.130310e-02 8.126880e-02 
8.131460e-02 8.127640e-02 
8.121920e-02 8.120010e-02 
8.117720e-02 8.121540e-02 
8.116200e-02 8.112380e-02 
8.110860e-02 8.107040e-02 
8.105900e-02 8.106660e-02 
8.104370e-02 8.104750e-02 
8.098270e-02 8.095220e-02 
8.097120e-02 8.096360e-02 
8.096360e-02 8.090640e-02 
8.089880e-02 8.087210e-02 
8.087970e-02 8.080720e-02 
8.081870e-02 8.078810e-02 
8.075760e-02 8.072330e-02 
8.070420e-02 8.073850e-02 
8.068900e-02 8.068900e-02 
8.066610e-02 8.065460e-02 
8.059360e-02 8.059740e-02 
8.055160e-02 8.052110e-02 
8.051730e-02 8.050200e-02 
8.048300e-02 8.046770e-02 
8.043720e-02 8.041050e-02 
8.040290e-02 8.036850e-02 
8.036470e-02 8.038760e-02 
8.034940e-02 8.031890e-02 
8.031510e-02 8.025030e-02 
8.029600e-02 8.020830e-02 
8.020450e-02 8.018160e-02 
8.014730e-02 8.015870e-02 
8.012060e-02 8.012440e-02 
8.013580e-02 8.010910e-02 
8.003280e-02 8.007860e-02 
8.004810e-02 7.997560e-02 
8.002140e-02 7.995650e-02 
7.996420e-02 7.995650e-02 
7.993750e-02 7.990310e-02 
7.988020e-02 7.983450e-02 
7.981920e-02 7.981540e-02 
7.979630e-02 7.975820e-02 
7.976960e-02 7.972760e-02 
7.973530e-02 7.970480e-02 
7.965520e-02 7.965520e-02 
7.962470e-02 7.959790e-02 
7.957890e-02 7.958270e-02 
7.953690e-02 7.951400e-02 
7.954840e-02 7.948730e-02 
7.946830e-02 7.947590e-02 
7.948730e-02 7.941480e-02 
7.941480e-02 7.939580e-02 
7.939960e-02 7.939200e-02 
7.931950e-02 7.934240e-02 
7.933860e-02 7.928900e-02 
7.924700e-02 7.928130e-02 
7.924700e-02 7.921270e-02 
7.918600e-02 7.920890e-02 
7.919360e-02 7.913260e-02 
7.910590e-02 7.908300e-02 
7.906770e-02 7.905240e-02 
7.903720e-02 7.904100e-02 
7.904860e-02 7.897230e-02 
7.895710e-02 7.893420e-02 
7.892270e-02 7.895710e-02 
7.894560e-02 7.893040e-02 
7.891890e-02 7.883120e-02 
7.881590e-02 7.885030e-02 
7.882740e-02 7.877020e-02 
7.877400e-02 7.877020e-02 
7.876250e-02 7.874730e-02 
7.869770e-02 7.872060e-02 
7.868240e-02 7.864050e-02 
7.867860e-02 7.862900e-02 
7.864810e-02 7.858320e-02 
7.856420e-02 7.855650e-02 
7.851460e-02 7.855270e-02 
7.848790e-02 7.848020e-02 
7.846880e-02 7.849550e-02 
7.843070e-02 7.840010e-02 
7.843070e-02 7.842680e-02 
7.838110e-02 7.840390e-02 
7.839250e-02 7.837720e-02 
7.835050e-02 7.827040e-02 
7.825900e-02 7.829330e-02 
7.823610e-02 7.827040e-02 
7.822080e-02 7.822080e-02 
7.816740e-02 7.819800e-02 
7.814070e-02 7.814840e-02 
7.814840e-02 7.811020e-02 
7.808730e-02 7.812550e-02 
7.810640e-02 7.804920e-02 
7.808730e-02 7.802630e-02 
7.805300e-02 7.804540e-02 
7.800340e-02 7.801490e-02 
7.798050e-02 7.793860e-02 
7.795380e-02 7.789660e-02 
7.788520e-02 7.792710e-02 
7.785840e-02 7.784320e-02 
7.783940e-02 7.785460e-02 
7.781650e-02 7.784700e-02 
7.782410e-02 7.783170e-02 
7.781270e-02 7.777070e-02 
7.774780e-02 7.778220e-02 
7.775160e-02 7.773640e-02 
7.771730e-02 7.774400e-02 
7.768300e-02 7.771730e-02 
7.769820e-02 7.767920e-02 
7.769440e-02 7.764860e-02 
7.767150e-02 7.765630e-02 
7.762190e-02 7.759900e-02 
7.759900e-02 7.759520e-02 
7.760290e-02 7.762580e-02 
7.762190e-02 7.756470e-02 
7.758760e-02 7.758000e-02 
7.755330e-02 7.760290e-02 
7.755330e-02 7.754180e-02 
7.753040e-02 7.753040e-02 
7.755710e-02 7.754560e-02 
7.757230e-02 7.752280e-02 
7.757230e-02 7.752280e-02 
7.758380e-02 7.758380e-02 
7.758380e-02 7.755710e-02 
7.758000e-02 7.755710e-02 
7.756850e-02 7.760290e-02 
7.758380e-02 7.761050e-02 
7.761810e-02 7.759900e-02 
7.762580e-02 7.759140e-02 
7.759140e-02 7.760670e-02 
7.762580e-02 7.760670e-02 
7.763720e-02 7.763720e-02 
7.768680e-02 7.765250e-02 
7.766770e-02 7.769440e-02 
7.774400e-02 7.774780e-02 
7.773260e-02 7.776690e-02 
7.782030e-02 7.780120e-02 
7.779360e-02 7.782410e-02 
7.788900e-02 7.787370e-02 
7.786230e-02 7.790420e-02 
7.792710e-02 7.791950e-02 
7.800340e-02 7.798050e-02 
7.802630e-02 7.805300e-02 
7.807590e-02 7.809110e-02 
7.807210e-02 7.809880e-02 
7.812930e-02 7.812930e-02 
7.821700e-02 7.822080e-02 
7.824370e-02 7.828190e-02 
7.829330e-02 7.827810e-02 
7.834290e-02 7.836200e-02 
7.832380e-02 7.838870e-02 
7.840780e-02 7.846500e-02 
7.845740e-02 7.850310e-02 
7.853360e-02 7.850690e-02 
7.856420e-02 7.853360e-02 
7.855650e-02 7.857940e-02 
7.865190e-02 7.861380e-02 
7.864810e-02 7.867860e-02 
7.870530e-02 7.874730e-02 
7.875870e-02 7.874730e-02 
7.876630e-02 7.879300e-02 
7.883120e-02 7.885030e-02 
7.886550e-02 7.887700e-02 
7.884650e-02 7.885790e-02 
7.885790e-02 7.887700e-02 
7.894180e-02 7.896850e-02 
7.896470e-02 7.894560e-02 
7.893800e-02 7.899520e-02 
7.895710e-02 7.897620e-02 
7.902570e-02 7.898380e-02 
7.899140e-02 7.906390e-02 
7.905240e-02 7.901430e-02 
7.902190e-02 7.901810e-02 
7.902570e-02 7.906770e-02 
7.905240e-02 7.908300e-02 
7.905240e-02 7.905630e-02 
7.909060e-02 7.906390e-02 
7.907150e-02 7.908300e-02 
7.910200e-02 7.909440e-02 
7.909060e-02 7.914020e-02 
7.911350e-02 7.909440e-02 
7.911350e-02 7.908680e-02 
7.914400e-02 7.914400e-02 
7.909060e-02 7.912870e-02 
7.914400e-02 7.909060e-02 
7.914780e-02 7.909060e-02 
7.910200e-02 7.911730e-02 
7.909060e-02 7.909440e-02 
7.908300e-02 7.912870e-02 
7.909820e-02 7.911730e-02 
7.912870e-02 7.909820e-02 
7.910200e-02 7.913260e-02 
7.909440e-02 7.911730e-02 
7.912490e-02 7.915540e-02 
7.909060e-02 7.912490e-02 
7.914400e-02 7.914400e-02 
7.911730e-02 7.909820e-02 
7.910200e-02 7.912110e-02 
7.913260e-02 7.909820e-02 
7.908680e-02 7.914400e-02 
7.915160e-02 7.913260e-02 
7.912110e-02 7.903720e-02 
7.910200e-02 7.913640e-02 
7.913640e-02 7.911730e-02 
7.907920e-02 7.908680e-02 
7.914020e-02 7.911730e-02 
7.912870e-02 7.912870e-02 
7.912490e-02 7.907150e-02 
7.906390e-02 7.906010e-02 
7.906390e-02 7.906390e-02 
7.906010e-02 7.905630e-02 
7.905240e-02 7.905630e-02 
7.903340e-02 7.906010e-02 
7.902570e-02 7.901050e-02 
7.899900e-02 7.904860e-02 
7.903720e-02 7.902570e-02 
7.896090e-02 7.897230e-02 
7.894560e-02 7.893040e-02 
7.892660e-02 7.891130e-02 
7.889220e-02 7.887320e-02 
7.885030e-02 7.883120e-02 
7.887700e-02 7.880070e-02 
7.884260e-02 7.877400e-02 
7.875870e-02 7.877780e-02 
7.873960e-02 7.866720e-02 
7.864050e-02 7.862520e-02 
7.862520e-02 7.859090e-02 
7.857940e-02 7.850690e-02 
7.852600e-02 7.849550e-02 
7.846120e-02 7.842680e-02 
7.837720e-02 7.832770e-02 
7.831240e-02 7.822850e-02 
7.820940e-02 7.820180e-02 
7.814840e-02 7.811400e-02 
7.804920e-02 7.798050e-02 
7.790800e-02 7.786990e-02 
7.782410e-02 7.780890e-02 
7.775160e-02 7.766010e-02 
7.765630e-02 7.762190e-02 
7.749990e-02 7.746550e-02 
7.741590e-02 7.737020e-02 
7.732060e-02 7.725190e-02 
7.715270e-02 7.710310e-02 
7.706880e-02 7.700400e-02 
7.692380e-02 7.691240e-02 
7.684370e-02 7.679030e-02 
7.671020e-02 7.660720e-02 
7.658050e-02 7.652710e-02 
7.645850e-02 7.639360e-02 
7.630970e-02 7.626010e-02 
7.615330e-02 7.608080e-02 
7.603500e-02 7.597020e-02 
7.588620e-02 7.582900e-02 
7.575270e-02 7.575270e-02 
7.564970e-02 7.558870e-02 
7.550100e-02 7.550480e-02 
7.537890e-02 7.535980e-02 
7.531790e-02 7.520720e-02 
7.516910e-02 7.509660e-02 
7.501650e-02 7.499740e-02 
7.494020e-02 7.488300e-02 
7.479520e-02 7.478380e-02 
7.468840e-02 7.463880e-02 
7.461600e-02 7.450530e-02 
7.445190e-02 7.439470e-02 
7.439090e-02 7.430700e-02 
7.424590e-02 7.419630e-02 
7.419630e-02 7.413150e-02 
7.408950e-02 7.404380e-02 
7.401320e-02 7.394460e-02 
7.391020e-02 7.381490e-02 
7.380720e-02 7.373480e-02 
7.371190e-02 7.363940e-02 
7.364320e-02 7.360890e-02 
7.357070e-02 7.353640e-02 
7.346390e-02 7.340290e-02 
7.337620e-02 7.333040e-02 
7.332660e-02 7.330370e-02 
7.322360e-02 7.322740e-02 
7.318160e-02 7.312820e-02 
7.312820e-02 7.308240e-02 
7.299850e-02 7.297560e-02 
7.296040e-02 7.291080e-02 
7.289930e-02 7.288410e-02 
7.284980e-02 7.278110e-02 
7.277730e-02 7.273150e-02 
7.275820e-02 7.269330e-02 
7.266660e-02 7.267430e-02 
7.263610e-02 7.261320e-02 
7.256750e-02 7.250260e-02 
7.253310e-02 7.251020e-02 
7.244160e-02 7.242250e-02 
7.244160e-02 7.240720e-02 
7.233480e-02 7.233860e-02 
7.233100e-02 7.228140e-02 
7.226990e-02 7.226610e-02 
7.219740e-02 7.220510e-02 
7.219740e-02 7.218980e-02 
7.217070e-02 7.215550e-02 
7.212880e-02 7.213640e-02 
7.212500e-02 7.213640e-02 
7.211730e-02 7.211730e-02 
7.215550e-02 7.216310e-02 
7.217070e-02 7.211730e-02 
7.215930e-02 7.212110e-02 
7.211730e-02 7.210590e-02 
7.211730e-02 7.211350e-02 
7.212880e-02 7.211730e-02 
7.211350e-02 7.209440e-02 
7.209830e-02 7.210970e-02 
7.210590e-02 7.211730e-02 
7.209060e-02 7.210590e-02 
7.211350e-02 7.213260e-02 
7.213640e-02 7.210210e-02 
7.212880e-02 7.213260e-02 
7.214020e-02 7.212110e-02 
7.208300e-02 7.210970e-02 
7.209440e-02 7.213260e-02 
7.214020e-02 7.209060e-02 
7.209060e-02 7.210590e-02 
7.209060e-02 7.212880e-02 
7.214020e-02 7.213260e-02 
7.211350e-02 7.208300e-02 
7.210210e-02 7.213260e-02 
7.210970e-02 7.212500e-02 
7.212880e-02 7.214020e-02 
7.212500e-02 7.209830e-02 
7.211350e-02 7.210210e-02 
7.208300e-02 7.207920e-02 
7.207160e-02 7.207920e-02 
7.212880e-02 7.212880e-02 
7.208300e-02 7.211730e-02 
7.212500e-02 7.210590e-02 
7.209830e-02 7.209440e-02 
7.206770e-02 7.212500e-02 
7.207540e-02 7.211730e-02 
7.209830e-02 7.207540e-02 
7.206770e-02 7.211730e-02 
7.207160e-02 7.209060e-02 
7.207920e-02 7.207160e-02 
7.206770e-02 7.212110e-02 
7.207160e-02 7.212110e-02 
7.207540e-02 7.212880e-02 
7.210210e-02 7.206390e-02 
7.206770e-02 7.208300e-02 
7.207920e-02 7.207540e-02 
7.206770e-02 7.210970e-02 
7.212880e-02 7.208300e-02 
7.208300e-02 7.209830e-02 
7.206770e-02 7.208300e-02 
7.212880e-02 7.207540e-02 
7.208300e-02 7.206390e-02 
7.206390e-02 7.206770e-02 
7.212500e-02 7.206390e-02 
7.210210e-02 7.210210e-02 
7.212110e-02 7.210210e-02 
7.206010e-02 7.210970e-02 
7.212500e-02 7.211730e-02 
7.210970e-02 7.211350e-02 
7.208680e-02 7.207920e-02 
7.206390e-02 7.207160e-02 
7.209830e-02 7.206010e-02 
7.210970e-02 7.208680e-02 
7.206770e-02 7.207160e-02 
7.211730e-02 7.207920e-02 
7.207160e-02 7.206010e-02 
7.206770e-02 7.206390e-02 
7.212110e-02 7.208300e-02 
7.211730e-02 7.211730e-02 
7.206390e-02 7.206390e-02 
7.208300e-02 7.209440e-02 
7.211730e-02 7.208680e-02 
7.209440e-02 7.211350e-02 
7.212110e-02 7.210590e-02 
7.211730e-02 7.212110e-02 
7.206390e-02 7.207540e-02 
7.208680e-02 7.206390e-02 
7.207920e-02 7.208680e-02 
7.212110e-02 7.207160e-02 
