9.892320e-02 9.883170e-02 
9.886980e-02 9.886980e-02 
9.886980e-02 9.881640e-02 
9.876300e-02 9.877820e-02 
9.880880e-02 9.878590e-02 
9.877820e-02 9.870960e-02 
9.868670e-02 9.870200e-02 
9.867910e-02 9.869430e-02 
9.862570e-02 9.857230e-02 
9.856460e-02 9.856460e-02 
9.854940e-02 9.851120e-02 
9.857230e-02 9.854170e-02 
9.848070e-02 9.843490e-02 
9.844260e-02 9.845780e-02 
9.844260e-02 9.840440e-02 
9.837390e-02 9.838910e-02 
9.829760e-02 9.832050e-02 
9.832810e-02 9.827470e-02 
9.826710e-02 9.822130e-02 
9.824420e-02 9.823660e-02 
9.814500e-02 9.812210e-02 
9.817550e-02 9.812970e-02 
9.809920e-02 9.812210e-02 
9.807630e-02 9.807630e-02 
9.802290e-02 9.796950e-02 
9.796950e-02 9.795430e-02 
9.797720e-02 9.796950e-02 
9.793900e-02 9.785510e-02 
9.786270e-02 9.780930e-02 
9.781690e-02 9.780170e-02 
9.781690e-02 9.774830e-02 
9.771780e-02 9.770250e-02 
9.772540e-02 9.773300e-02 
9.767960e-02 9.767200e-02 
9.765670e-02 9.762620e-02 
9.758810e-02 9.757280e-02 
9.760330e-02 9.754990e-02 
9.752700e-02 9.747360e-02 
9.752700e-02 9.748130e-02 
9.742780e-02 9.738970e-02 
9.737440e-02 9.735160e-02 
9.733630e-02 9.735160e-02 
9.736680e-02 9.734390e-02 
9.728290e-02 9.732100e-02 
9.722950e-02 9.719900e-02 
9.718370e-02 9.716840e-02 
9.714560e-02 9.712270e-02 
9.712270e-02 9.710740e-02 
9.706930e-02 9.706930e-02 
9.704640e-02 9.703110e-02 
9.705400e-02 9.703870e-02 
9.700060e-02 9.698530e-02 
9.691670e-02 9.691670e-02 
9.688620e-02 9.686330e-02 
9.683280e-02 9.687850e-02 
9.686330e-02 9.684040e-02 
9.680990e-02 9.675650e-02 
9.674120e-02 9.669540e-02 
9.667250e-02 9.668780e-02 
9.664200e-02 9.664960e-02 
9.668020e-02 9.665730e-02 
9.655810e-02 9.661910e-02 
9.658100e-02 9.651230e-02 
9.655050e-02 9.645890e-02 
9.643600e-02 9.643600e-02 
9.642840e-02 9.639790e-02 
9.642080e-02 9.638260e-02 
9.632920e-02 9.638260e-02 
9.631400e-02 9.634450e-02 
9.632920e-02 9.627580e-02 
9.626050e-02 9.621480e-02 
9.620710e-02 9.614610e-02 
9.612320e-02 9.612320e-02 
9.612320e-02 9.608510e-02 
9.606220e-02 9.607740e-02 
9.600880e-02 9.606220e-02 
9.603170e-02 9.600880e-02 
9.593250e-02 9.597830e-02 
9.588670e-02 9.588670e-02 
9.590960e-02 9.587140e-02 
9.588670e-02 9.580280e-02 
9.580280e-02 9.577230e-02 
9.578750e-02 9.573410e-02 
9.568830e-02 9.566550e-02 
9.566550e-02 9.564260e-02 
9.565020e-02 9.562730e-02 
9.564260e-02 9.561200e-02 
9.556630e-02 9.553580e-02 
9.555100e-02 9.552810e-02 
9.552050e-02 9.546710e-02 
9.542130e-02 9.540610e-02 
9.538320e-02 9.537550e-02 
9.536030e-02 9.532980e-02 
9.536030e-02 9.534500e-02 
9.532210e-02 9.527640e-02 
9.526110e-02 9.518480e-02 
9.520010e-02 9.518480e-02 
9.520770e-02 9.512380e-02 
9.511610e-02 9.507800e-02 
9.510850e-02 9.503980e-02 
9.501700e-02 9.502460e-02 
9.501700e-02 9.503220e-02 
9.500930e-02 9.499410e-02 
9.497880e-02 9.491010e-02 
9.490250e-02 9.487200e-02 
9.484910e-02 9.483390e-02 
9.478040e-02 9.483390e-02 
9.478810e-02 9.478040e-02 
9.475760e-02 9.471180e-02 
9.464310e-02 9.462790e-02 
9.468130e-02 9.465840e-02 
9.461260e-02 9.455160e-02 
9.452870e-02 9.452100e-02 
9.450580e-02 9.452870e-02 
9.449050e-02 9.442950e-02 
9.448290e-02 9.446000e-02 
9.442950e-02 9.435320e-02 
9.433790e-02 9.432270e-02 
9.437610e-02 9.435320e-02 
9.434560e-02 9.429980e-02 
9.431510e-02 9.429980e-02 
9.428450e-02 9.420060e-02 
9.420820e-02 9.421590e-02 
9.413190e-02 9.417010e-02 
9.412430e-02 9.410140e-02 
9.409380e-02 9.408620e-02 
9.403280e-02 9.400220e-02 
9.404800e-02 9.395650e-02 
9.393360e-02 9.395650e-02 
9.395650e-02 9.392600e-02 
9.384970e-02 9.384200e-02 
9.379630e-02 9.378100e-02 
9.375050e-02 9.370470e-02 
9.370470e-02 9.367420e-02 
9.368940e-02 9.364370e-02 
9.365890e-02 9.358260e-02 
9.354450e-02 9.352160e-02 
9.352920e-02 9.353690e-02 
9.352920e-02 9.350630e-02 
9.343000e-02 9.340720e-02 
9.337660e-02 9.342240e-02 
9.343000e-02 9.332320e-02 
9.336900e-02 9.336140e-02 
9.331560e-02 9.330800e-02 
9.330800e-02 9.323930e-02 
9.325460e-02 9.327750e-02 
9.324690e-02 9.320880e-02 
9.322400e-02 9.316300e-02 
9.317830e-02 9.320120e-02 
9.311720e-02 9.316300e-02 
9.310960e-02 9.310960e-02 
9.310960e-02 9.305620e-02 
9.310200e-02 9.307150e-02 
9.304860e-02 9.301810e-02 
9.304860e-02 9.302570e-02 
9.302570e-02 9.299520e-02 
9.291890e-02 9.297230e-02 
9.288070e-02 9.285020e-02 
9.285780e-02 9.287310e-02 
9.278920e-02 9.275870e-02 
9.281210e-02 9.272050e-02 
9.269000e-02 9.268240e-02 
9.265180e-02 9.267470e-02 
9.258320e-02 9.256030e-02 
9.257560e-02 9.252980e-02 
9.252980e-02 9.243060e-02 
9.247640e-02 9.236960e-02 
9.235430e-02 9.233140e-02 
9.228560e-02 9.229330e-02 
9.227040e-02 9.227800e-02 
9.224750e-02 9.217880e-02 
9.213300e-02 9.216360e-02 
9.206440e-02 9.204150e-02 
9.204150e-02 9.204910e-02 
9.204150e-02 9.194990e-02 
9.199570e-02 9.196520e-02 
9.192710e-02 9.185840e-02 
9.183550e-02 9.188130e-02 
9.185080e-02 9.176680e-02 
9.174390e-02 9.172110e-02 
9.175920e-02 9.173630e-02 
9.173630e-02 9.168290e-02 
9.168290e-02 9.159900e-02 
9.162950e-02 9.159140e-02 
9.162190e-02 9.159140e-02 
9.156080e-02 9.149980e-02 
9.152270e-02 9.153030e-02 
9.143880e-02 9.143110e-02 
9.142350e-02 9.146930e-02 
9.145400e-02 9.144640e-02 
9.143110e-02 9.135480e-02 
9.137010e-02 9.137010e-02 
9.140060e-02 9.137010e-02 
9.137010e-02 9.137010e-02 
9.133960e-02 9.131670e-02 
9.134720e-02 9.132430e-02 
9.127090e-02 9.127860e-02 
9.126330e-02 9.126330e-02 
9.125570e-02 9.127860e-02 
9.124040e-02 9.130140e-02 
9.130910e-02 9.128620e-02 
9.125570e-02 9.126330e-02 
9.121750e-02 9.122510e-02 
9.127090e-02 9.127090e-02 
9.124800e-02 9.120990e-02 
9.120990e-02 9.123280e-02 
9.116410e-02 9.116410e-02 
9.120990e-02 9.117940e-02 
9.117170e-02 9.115650e-02 
9.115650e-02 9.113360e-02 
9.109540e-02 9.102680e-02 
9.099630e-02 9.096570e-02 
9.097340e-02 9.093520e-02 
9.094290e-02 9.089710e-02 
9.088950e-02 9.079030e-02 
9.079030e-02 9.072160e-02 
9.069110e-02 9.066060e-02 
9.064530e-02 9.062240e-02 
9.056140e-02 9.059190e-02 
9.051560e-02 9.043930e-02 
9.041640e-02 9.040880e-02 
9.036300e-02 9.034010e-02 
9.030960e-02 9.028670e-02 
9.020280e-02 9.015700e-02 
9.013410e-02 9.010360e-02 
9.011890e-02 9.008840e-02 
9.000440e-02 8.995100e-02 
8.993580e-02 8.995100e-02 
8.992050e-02 8.984420e-02 
8.982900e-02 8.976030e-02 
8.976030e-02 8.976030e-02 
8.972980e-02 8.970690e-02 
8.960770e-02 8.964590e-02 
8.956190e-02 8.956960e-02 
8.956190e-02 8.946280e-02 
8.944750e-02 8.946280e-02 
8.940940e-02 8.936360e-02 
8.935590e-02 8.931020e-02 
8.932540e-02 8.927200e-02 
8.924910e-02 8.921100e-02 
8.921860e-02 8.918810e-02 
8.918050e-02 8.913470e-02 
8.909650e-02 8.908890e-02 
8.905080e-02 8.898210e-02 
8.902030e-02 8.893630e-02 
8.895160e-02 8.894400e-02 
8.888290e-02 8.886770e-02 
8.880660e-02 8.882190e-02 
8.876850e-02 8.880660e-02 
8.873800e-02 8.874560e-02 
8.872270e-02 8.872270e-02 
8.868460e-02 8.861590e-02 
8.860830e-02 8.859300e-02 
8.852430e-02 8.853200e-02 
8.852430e-02 8.853200e-02 
8.848620e-02 8.847090e-02 
8.843280e-02 8.841750e-02 
8.835650e-02 8.834120e-02 
8.831070e-02 8.834120e-02 
8.831070e-02 8.831070e-02 
8.829550e-02 8.821150e-02 
8.818860e-02 8.816580e-02 
8.815050e-02 8.812760e-02 
8.815810e-02 8.814290e-02 
8.812760e-02 8.804370e-02 
8.808950e-02 8.802080e-02 
8.799790e-02 8.797500e-02 
8.798270e-02 8.795210e-02 
8.797500e-02 8.794450e-02 
8.795980e-02 8.793690e-02 
8.785300e-02 8.787580e-02 
8.787580e-02 8.783010e-02 
8.786060e-02 8.783010e-02 
8.781480e-02 8.781480e-02 
8.781480e-02 8.776900e-02 
8.776140e-02 8.772330e-02 
8.769270e-02 8.774610e-02 
8.771560e-02 8.773090e-02 
8.766980e-02 8.765460e-02 
8.763930e-02 8.764700e-02 
8.767750e-02 8.768510e-02 
8.766220e-02 8.766980e-02 
8.761640e-02 8.759360e-02 
8.762410e-02 8.761640e-02 
8.762410e-02 8.763170e-02 
8.764700e-02 8.761640e-02 
8.762410e-02 8.763170e-02 
8.761640e-02 8.759360e-02 
8.758590e-02 8.758590e-02 
8.759360e-02 8.765460e-02 
8.764700e-02 8.766220e-02 
8.767750e-02 8.763930e-02 
8.763170e-02 8.764700e-02 
8.763930e-02 8.766980e-02 
8.773090e-02 8.771560e-02 
8.775380e-02 8.772330e-02 
8.771560e-02 8.778430e-02 
8.779950e-02 8.776140e-02 
8.777670e-02 8.779190e-02 
8.783010e-02 8.782240e-02 
8.784530e-02 8.789110e-02 
8.784530e-02 8.786060e-02 
8.788350e-02 8.788350e-02 
8.791400e-02 8.792160e-02 
8.796740e-02 8.799030e-02 
8.799030e-02 8.798270e-02 
8.794450e-02 8.802840e-02 
8.798270e-02 8.797500e-02 
8.799030e-02 8.799030e-02 
8.800550e-02 8.801320e-02 
8.798270e-02 8.798270e-02 
8.803610e-02 8.804370e-02 
8.802840e-02 8.796740e-02 
8.797500e-02 8.793690e-02 
8.792920e-02 8.792160e-02 
8.795980e-02 8.793690e-02 
8.793690e-02 8.786060e-02 
8.784530e-02 8.779190e-02 
8.779190e-02 8.780720e-02 
8.779190e-02 8.774610e-02 
8.772330e-02 8.763170e-02 
8.759360e-02 8.758590e-02 
8.753250e-02 8.753250e-02 
8.750960e-02 8.745620e-02 
8.741040e-02 8.735700e-02 
8.728840e-02 8.728080e-02 
8.718920e-02 8.718160e-02 
8.714340e-02 8.709000e-02 
8.703660e-02 8.692980e-02 
8.691450e-02 8.685350e-02 
8.680010e-02 8.673910e-02 
8.674670e-02 8.670090e-02 
8.664750e-02 8.657880e-02 
8.648730e-02 8.650260e-02 
8.645680e-02 8.639570e-02 
8.630420e-02 8.624320e-02 
8.621260e-02 8.622030e-02 
8.616690e-02 8.612870e-02 
8.608290e-02 8.601430e-02 
8.596090e-02 8.593030e-02 
8.584640e-02 8.584640e-02 
8.581590e-02 8.571670e-02 
8.573200e-02 8.569380e-02 
8.563280e-02 8.560990e-02 
8.552600e-02 8.549550e-02 
8.546500e-02 8.539630e-02 
8.539630e-02 8.538870e-02 
8.532760e-02 8.532760e-02 
8.522080e-02 8.519030e-02 
8.514450e-02 8.514450e-02 
8.512930e-02 8.503770e-02 
8.507590e-02 8.497670e-02 
8.494620e-02 8.492330e-02 
8.493090e-02 8.491560e-02 
8.482410e-02 8.479360e-02 
8.479360e-02 8.477070e-02 
8.475540e-02 8.470960e-02 
8.465620e-02 8.461050e-02 
8.462570e-02 8.461050e-02 
8.453420e-02 8.451130e-02 
8.446550e-02 8.445020e-02 
8.440450e-02 8.443500e-02 
8.436630e-02 8.438920e-02 
8.435870e-02 8.429000e-02 
8.428240e-02 8.423660e-02 
8.419080e-02 8.419850e-02 
8.416030e-02 8.417560e-02 
8.416030e-02 8.412980e-02 
8.411460e-02 8.406880e-02 
8.400010e-02 8.400010e-02 
8.395430e-02 8.393140e-02 
8.392380e-02 8.392380e-02 
8.388570e-02 8.390860e-02 
8.384750e-02 8.380940e-02 
8.378650e-02 8.374830e-02 
8.374070e-02 8.377890e-02 
8.376360e-02 8.371780e-02 
8.371020e-02 8.365680e-02 
8.364920e-02 8.358810e-02 
8.356520e-02 8.360340e-02 
8.357290e-02 8.354230e-02 
8.348890e-02 8.349660e-02 
8.344320e-02 8.342790e-02 
8.343550e-02 8.339740e-02 
8.342030e-02 8.339740e-02 
8.335160e-02 8.335920e-02 
8.329060e-02 8.329060e-02 
8.326010e-02 8.323720e-02 
8.325240e-02 8.326770e-02 
8.323720e-02 8.320670e-02 
8.314560e-02 8.313040e-02 
8.311510e-02 8.308460e-02 
8.309980e-02 8.311510e-02 
8.308460e-02 8.302350e-02 
8.302350e-02 8.301590e-02 
8.297010e-02 8.298540e-02 
8.300070e-02 8.297010e-02 
8.290910e-02 8.291670e-02 
8.289380e-02 8.290150e-02 
8.284040e-02 8.280990e-02 
8.280230e-02 8.277180e-02 
8.275650e-02 8.274890e-02 
8.277940e-02 8.277180e-02 
8.273360e-02 8.272600e-02 
8.268020e-02 8.263440e-02 
8.261920e-02 8.260390e-02 
8.258100e-02 8.261920e-02 
8.259630e-02 8.254290e-02 
8.257340e-02 8.249710e-02 
8.254290e-02 8.249710e-02 
8.243610e-02 8.245900e-02 
8.245130e-02 8.238270e-02 
8.239030e-02 8.239030e-02 
8.239790e-02 8.236740e-02 
8.229110e-02 8.230640e-02 
8.228350e-02 8.227590e-02 
8.392380e-05 4.577660e-05 
1.068120e-04 5.340600e-05 
6.866500e-05 6.866500e-05 
4.577660e-05 1.220710e-04 
1.220710e-04 1.144410e-04 
1.068120e-04 1.144410e-04 
7.629440e-05 1.220710e-04 
9.918260e-05 9.155320e-05 
5.340600e-05 5.340600e-05 
4.577660e-05 9.155320e-05 
7.629440e-05 6.103560e-05 
9.918260e-05 6.103560e-05 
5.340600e-05 6.866500e-05 
9.155320e-05 1.220710e-04 
1.068120e-04 1.220710e-04 
4.577660e-05 8.392380e-05 
4.577660e-05 4.577660e-05 
9.918260e-05 6.103560e-05 
1.220710e-04 6.866500e-05 
1.068120e-04 1.144410e-04 
4.577660e-05 4.577660e-05 
1.220710e-04 1.068120e-04 
9.918260e-05 1.220710e-04 
1.220710e-04 9.918260e-05 
6.866500e-05 8.392380e-05 
4.577660e-05 4.577660e-05 
9.918260e-05 1.220710e-04 
1.068120e-04 3.814720e-05 
4.577660e-05 4.577660e-05 
5.340600e-05 1.220710e-04 
6.103560e-05 4.577660e-05 
5.340600e-05 5.340600e-05 
4.577660e-05 1.068120e-04 
1.144410e-04 1.068120e-04 
9.155320e-05 1.220710e-04 
9.155320e-05 5.340600e-05 
1.068120e-04 5.340600e-05 
9.155320e-05 6.866500e-05 
1.144410e-04 7.629440e-05 
4.577660e-05 9.918260e-05 
4.577660e-05 7.629440e-05 
1.068120e-04 4.577660e-05 
1.220710e-04 9.918260e-05 
6.866500e-05 4.577660e-05 
4.577660e-05 5.340600e-05 
3.814720e-05 6.103560e-05 
4.577660e-05 9.918260e-05 
4.577660e-05 4.577660e-05 
4.577660e-05 8.392380e-05 
4.577660e-05 8.392380e-05 
9.918260e-05 9.918260e-05 
1.068120e-04 8.392380e-05 
4.577660e-05 4.577660e-05 
4.577660e-05 4.577660e-05 
5.340600e-05 1.144410e-04 
1.220710e-04 9.918260e-05 
5.340600e-05 4.577660e-05 
4.577660e-05 6.103560e-05 
3.814720e-05 9.155320e-05 
4.577660e-05 9.155320e-05 
1.144410e-04 1.220710e-04 
4.577660e-05 7.629440e-05 
1.220710e-04 6.103560e-05 
1.068120e-04 3.814720e-05 
4.577660e-05 8.392380e-05 
4.577660e-05 7.629440e-05 
6.103560e-05 1.144410e-04 
4.577660e-05 8.392380e-05 
4.577660e-05 1.144410e-04 
1.144410e-04 6.866500e-05 
4.577660e-05 9.918260e-05 
4.577660e-05 3.814720e-05 
4.577660e-05 4.577660e-05 
4.577660e-05 7.629440e-05 
6.103560e-05 9.918260e-05 
4.577660e-05 9.918260e-05 
6.103560e-05 1.068120e-04 
5.340600e-05 9.918260e-05 
7.629440e-05 1.144410e-04 
9.155320e-05 9.918260e-05 
9.918260e-05 7.629440e-05 
1.068120e-04 4.577660e-05 
4.577660e-05 4.577660e-05 
4.577660e-05 3.814720e-05 
6.103560e-05 4.577660e-05 
4.577660e-05 1.068120e-04 
1.068120e-04 7.629440e-05 
8.392380e-05 6.866500e-05 
8.392380e-05 1.220710e-04 
4.577660e-05 9.918260e-05 
5.340600e-05 1.144410e-04 
4.577660e-05 7.629440e-05 
5.340600e-05 3.814720e-05 
9.918260e-05 1.220710e-04 
9.155320e-05 1.068120e-04 
1.068120e-04 4.577660e-05 
4.577660e-05 6.103560e-05 
1.144410e-04 4.577660e-05 
5.340600e-05 3.814720e-05 
7.629440e-05 4.577660e-05 
5.340600e-05 7.629440e-05 
1.068120e-04 1.068120e-04 
1.068120e-04 6.866500e-05 
9.918260e-05 5.340600e-05 
6.866500e-05 6.103560e-05 
3.814720e-05 5.340600e-05 
6.866500e-05 1.068120e-04 
9.918260e-05 6.866500e-05 
9.918260e-05 4.577660e-05 
4.577660e-05 4.577660e-05 
1.068120e-04 1.144410e-04 
8.392380e-05 6.103560e-05 
4.577660e-05 7.629440e-05 
9.155320e-05 1.068120e-04 
9.918260e-05 3.814720e-05 
1.068120e-04 1.068120e-04 
1.144410e-04 3.814720e-05 
3.814720e-05 4.577660e-05 
1.068120e-04 9.918260e-05 
9.918260e-05 4.577660e-05 
9.155320e-05 9.918260e-05 
1.068120e-04 3.814720e-05 
8.392380e-05 9.155320e-05 
4.577660e-05 9.918260e-05 
4.577660e-05 9.918260e-05 
5.340600e-05 9.155320e-05 
5.340600e-05 6.866500e-05 
9.918260e-05 4.577660e-05 
5.340600e-05 1.068120e-04 
8.392380e-05 9.918260e-05 
4.577660e-05 6.103560e-05 
4.577660e-05 4.577660e-05 
6.866500e-05 4.577660e-05 
6.103560e-05 5.340600e-05 
9.918260e-05 1.068120e-04 
1.068120e-04 4.577660e-05 
4.577660e-05 4.577660e-05 
6.866500e-05 1.068120e-04 
8.392380e-05 1.144410e-04 
4.577660e-05 5.340600e-05 
4.577660e-05 5.340600e-05 
9.918260e-05 4.577660e-05 
4.577660e-05 4.577660e-05 
6.103560e-05 4.577660e-05 
8.392380e-05 4.577660e-05 
6.103560e-05 1.144410e-04 
8.392380e-05 4.577660e-05 
8.392380e-05 4.577660e-05 
9.155320e-05 1.068120e-04 
3.814720e-05 1.068120e-04 
4.577660e-05 4.577660e-05 
5.340600e-05 9.918260e-05 
8.392380e-05 9.918260e-05 
4.577660e-05 1.068120e-04 
9.918260e-05 8.392380e-05 
1.144410e-04 9.918260e-05 
3.814720e-05 1.144410e-04 
4.577660e-05 4.577660e-05 
7.629440e-05 1.144410e-04 
4.577660e-05 4.577660e-05 
1.144410e-04 6.866500e-05 
5.340600e-05 9.918260e-05 
7.629440e-05 8.392380e-05 
4.577660e-05 4.577660e-05 
1.068120e-04 9.918260e-05 
1.068120e-04 4.577660e-05 
9.918260e-05 4.577660e-05 
4.577660e-05 8.392380e-05 
5.340600e-05 6.103560e-05 
9.918260e-05 1.144410e-04 
1.220710e-04 6.103560e-05 
7.629440e-05 1.220710e-04 
4.577660e-05 4.577660e-05 
6.866500e-05 5.340600e-05 
9.918260e-05 6.103560e-05 
1.220710e-04 1.144410e-04 
9.918260e-05 4.577660e-05 
4.577660e-05 1.144410e-04 
9.918260e-05 4.577660e-05 
4.577660e-05 6.103560e-05 
9.918260e-05 1.068120e-04 
1.144410e-04 1.144410e-04 
9.918260e-05 6.103560e-05 
1.068120e-04 9.918260e-05 
1.144410e-04 9.918260e-05 
8.392380e-05 9.918260e-05 
1.068120e-04 6.866500e-05 
4.577660e-05 4.577660e-05 
4.577660e-05 1.220710e-04 
9.918260e-05 9.918260e-05 
1.068120e-04 4.577660e-05 
4.577660e-05 1.068120e-04 
1.144410e-04 9.155320e-05 
9.918260e-05 9.918260e-05 
7.629440e-05 6.103560e-05 
6.866500e-05 8.392380e-05 
4.577660e-05 4.577660e-05 
4.577660e-05 4.577660e-05 
5.340600e-05 9.155320e-05 
4.577660e-05 6.103560e-05 
1.068120e-04 1.144410e-04 
4.577660e-05 4.577660e-05 
3.814720e-05 5.340600e-05 
1.068120e-04 1.144410e-04 
9.155320e-05 8.392380e-05 
4.577660e-05 1.068120e-04 
3.814720e-05 4.577660e-05 
8.392380e-05 8.392380e-05 
1.068120e-04 9.918260e-05 
1.144410e-04 1.144410e-04 
8.392380e-05 1.144410e-04 
6.103560e-05 5.340600e-05 
9.155320e-05 7.629440e-05 
1.068120e-04 1.068120e-04 
1.068120e-04 4.577660e-05 
4.577660e-05 4.577660e-05 
4.577660e-05 4.577660e-05 
9.155320e-05 6.866500e-05 
4.577660e-05 1.144410e-04 
6.866500e-05 4.577660e-05 
1.068120e-04 4.577660e-05 
9.155320e-05 1.068120e-04 
9.918260e-05 9.155320e-05 
4.577660e-05 6.103560e-05 
4.577660e-05 8.392380e-05 
1.220710e-04 1.144410e-04 
4.577660e-05 5.340600e-05 
7.629440e-05 9.155320e-05 
9.918260e-05 1.068120e-04 
6.866500e-05 6.103560e-05 
9.918260e-05 9.155320e-05 
1.144410e-04 1.144410e-04 
5.340600e-05 1.144410e-04 
6.866500e-05 9.155320e-05 
1.144410e-04 4.577660e-05 
5.340600e-05 1.220710e-04 
5.340600e-05 8.392380e-05 
9.918260e-05 5.340600e-05 
9.918260e-05 6.866500e-05 
1.068120e-04 9.918260e-05 
1.144410e-04 1.068120e-04 
1.297010e-04 9.155320e-05 
5.340600e-05 1.220710e-04 
8.392380e-05 5.340600e-05 
9.918260e-05 9.918260e-05 
1.068120e-04 1.144410e-04 
9.918260e-05 6.866500e-05 
5.340600e-05 1.068120e-04 
9.918260e-05 1.144410e-04 
9.918260e-05 1.144410e-04 
1.068120e-04 1.297010e-04 
1.144410e-04 5.340600e-05 
7.629440e-05 1.220710e-04 
6.103560e-05 5.340600e-05 
6.103560e-05 1.297010e-04 
9.918260e-05 6.866500e-05 
1.144410e-04 5.340600e-05 
5.340600e-05 6.103560e-05 
5.340600e-05 9.918260e-05 
1.144410e-04 9.918260e-05 
1.068120e-04 5.340600e-05 
5.340600e-05 6.103560e-05 
5.340600e-05 5.340600e-05 
1.144410e-04 6.103560e-05 
1.068120e-04 5.340600e-05 
1.068120e-04 9.918260e-05 
6.103560e-05 6.866500e-05 
9.155320e-05 8.392380e-05 
1.220710e-04 1.144410e-04 
1.297010e-04 1.068120e-04 
5.340600e-05 8.392380e-05 
9.155320e-05 9.918260e-05 
6.866500e-05 1.144410e-04 
1.068120e-04 1.220710e-04 
6.866500e-05 8.392380e-05 
9.155320e-05 6.103560e-05 
6.103560e-05 1.144410e-04 
1.068120e-04 9.155320e-05 
5.340600e-05 6.866500e-05 
6.103560e-05 6.866500e-05 
9.155320e-05 1.297010e-04 
9.918260e-05 1.144410e-04 
1.144410e-04 5.340600e-05 
1.068120e-04 9.918260e-05 
1.068120e-04 1.144410e-04 
1.220710e-04 8.392380e-05 
1.297010e-04 9.918260e-05 
7.629440e-05 5.340600e-05 
6.103560e-05 5.340600e-05 
6.866500e-05 8.392380e-05 
1.068120e-04 9.918260e-05 
9.918260e-05 6.103560e-05 
6.866500e-05 4.577660e-05 
5.340600e-05 6.866500e-05 
1.068120e-04 9.918260e-05 
1.220710e-04 7.629440e-05 
4.577660e-05 9.918260e-05 
1.144410e-04 7.629440e-05 
5.340600e-05 6.866500e-05 
6.103560e-05 4.577660e-05 
9.155320e-05 9.918260e-05 
4.577660e-05 3.814720e-05 
4.577660e-05 4.577660e-05 
3.814720e-05 6.103560e-05 
4.577660e-05 1.144410e-04 
4.577660e-05 5.340600e-05 
6.866500e-05 9.918260e-05 
4.577660e-05 3.814720e-05 
6.866500e-05 9.918260e-05 
8.392380e-05 5.340600e-05 
3.814720e-05 3.814720e-05 
6.866500e-05 9.918260e-05 
9.918260e-05 4.577660e-05 
4.577660e-05 5.340600e-05 
3.814720e-05 4.577660e-05 
9.918260e-05 1.068120e-04 
8.392380e-05 7.629440e-05 
4.577660e-05 7.629440e-05 
9.918260e-05 9.918260e-05 
1.144410e-04 9.155320e-05 
9.918260e-05 4.577660e-05 
8.392380e-05 6.103560e-05 
6.866500e-05 8.392380e-05 
1.144410e-04 9.918260e-05 
9.918260e-05 1.068120e-04 
4.577660e-05 8.392380e-05 
7.629440e-05 1.068120e-04 
9.918260e-05 9.918260e-05 
1.144410e-04 6.103560e-05 
9.918260e-05 9.155320e-05 
8.392380e-05 1.220710e-04 
1.144410e-04 1.220710e-04 
1.144410e-04 5.340600e-05 
5.340600e-05 1.068120e-04 
1.297010e-04 9.918260e-05 
1.068120e-04 7.629440e-05 
6.103560e-05 1.373300e-04 
1.068120e-04 1.220710e-04 
1.297010e-04 1.144410e-04 
8.392380e-05 9.918260e-05 
6.866500e-05 1.297010e-04 
6.866500e-05 1.297010e-04 
9.918260e-05 1.220710e-04 
1.297010e-04 1.068120e-04 
7.629440e-05 8.392380e-05 
9.155320e-05 1.449590e-04 
1.373300e-04 1.373300e-04 
9.918260e-05 1.449590e-04 
8.392380e-05 7.629440e-05 
9.918260e-05 1.220710e-04 
1.144410e-04 8.392380e-05 
1.525890e-04 9.918260e-05 
1.220710e-04 8.392380e-05 
1.220710e-04 8.392380e-05 
9.918260e-05 9.918260e-05 
1.373300e-04 1.449590e-04 
1.373300e-04 1.068120e-04 
1.220710e-04 8.392380e-05 
1.220710e-04 1.297010e-04 
9.918260e-05 9.918260e-05 
8.392380e-05 9.155320e-05 
9.918260e-05 1.449590e-04 
1.525890e-04 1.525890e-04 
1.449590e-04 1.525890e-04 
9.918260e-05 9.155320e-05 
1.297010e-04 1.220710e-04 
1.144410e-04 1.525890e-04 
1.449590e-04 1.525890e-04 
1.449590e-04 1.144410e-04 
9.918260e-05 9.155320e-05 
9.155320e-05 9.918260e-05 
1.525890e-04 1.449590e-04 
9.918260e-05 1.602180e-04 
1.068120e-04 9.155320e-05 
9.918260e-05 9.918260e-05 
1.068120e-04 1.449590e-04 
1.602180e-04 9.918260e-05 
1.449590e-04 1.144410e-04 
1.220710e-04 1.068120e-04 
9.918260e-05 1.144410e-04 
1.525890e-04 1.525890e-04 
9.918260e-05 1.144410e-04 
9.918260e-05 9.918260e-05 
9.918260e-05 1.602180e-04 
1.525890e-04 9.918260e-05 
1.068120e-04 1.525890e-04 
1.525890e-04 1.297010e-04 
9.918260e-05 1.144410e-04 
9.918260e-05 9.918260e-05 
1.602180e-04 1.678480e-04 
9.918260e-05 9.918260e-05 
1.144410e-04 1.068120e-04 
1.678480e-04 1.678480e-04 
1.602180e-04 1.068120e-04 
1.068120e-04 9.918260e-05 
1.525890e-04 1.449590e-04 
1.373300e-04 1.678480e-04 
1.144410e-04 1.525890e-04 
1.602180e-04 1.525890e-04 
1.068120e-04 1.144410e-04 
9.918260e-05 1.373300e-04 
1.068120e-04 1.144410e-04 
1.602180e-04 1.678480e-04 
1.373300e-04 1.525890e-04 
1.144410e-04 9.918260e-05 
1.449590e-04 1.068120e-04 
9.918260e-05 1.449590e-04 
1.373300e-04 1.220710e-04 
1.602180e-04 1.068120e-04 
1.220710e-04 1.297010e-04 
1.068120e-04 1.602180e-04 
1.373300e-04 1.068120e-04 
1.373300e-04 1.602180e-04 
1.373300e-04 1.525890e-04 
1.068120e-04 1.754770e-04 
1.525890e-04 1.297010e-04 
