6.866500e-05 1.029970e-04 
6.103560e-05 8.773850e-05 
6.866500e-05 1.258860e-04 
4.577660e-05 1.029970e-04 
5.722070e-05 1.029970e-04 
6.485030e-05 9.918260e-05 
1.106270e-04 5.340600e-05 
1.068120e-04 5.340600e-05 
1.068120e-04 1.144410e-04 
7.629440e-05 1.029970e-04 
5.722070e-05 4.959130e-05 
9.918260e-05 4.577660e-05 
5.722070e-05 1.144410e-04 
1.144410e-04 8.773850e-05 
1.106270e-04 4.959130e-05 
9.155320e-05 7.247970e-05 
1.258860e-04 4.959130e-05 
4.196190e-05 8.392380e-05 
8.010910e-05 1.029970e-04 
6.103560e-05 6.485030e-05 
4.959130e-05 1.220710e-04 
4.577660e-05 4.577660e-05 
6.866500e-05 1.144410e-04 
1.220710e-04 4.196190e-05 
9.536790e-05 6.103560e-05 
4.577660e-05 6.866500e-05 
4.196190e-05 1.029970e-04 
9.918260e-05 1.068120e-04 
9.536790e-05 6.866500e-05 
4.196190e-05 5.722070e-05 
4.959130e-05 7.247970e-05 
7.629440e-05 4.196190e-05 
4.196190e-05 4.959130e-05 
4.196190e-05 9.155320e-05 
5.340600e-05 1.258860e-04 
6.103560e-05 4.196190e-05 
1.144410e-04 4.196190e-05 
1.144410e-04 4.577660e-05 
7.629440e-05 1.029970e-04 
8.010910e-05 1.182560e-04 
1.258860e-04 5.340600e-05 
1.220710e-04 7.247970e-05 
1.220710e-04 1.106270e-04 
5.340600e-05 1.029970e-04 
8.010910e-05 1.182560e-04 
4.577660e-05 6.485030e-05 
4.959130e-05 1.068120e-04 
4.196190e-05 1.106270e-04 
7.629440e-05 4.196190e-05 
9.155320e-05 1.029970e-04 
4.577660e-05 1.106270e-04 
4.959130e-05 9.918260e-05 
4.577660e-05 1.106270e-04 
4.196190e-05 4.959130e-05 
1.182560e-04 1.258860e-04 
4.196190e-05 7.629440e-05 
4.959130e-05 8.010910e-05 
9.918260e-05 8.392380e-05 
1.258860e-04 4.196190e-05 
9.918260e-05 4.196190e-05 
1.220710e-04 6.866500e-05 
8.773850e-05 6.485030e-05 
4.577660e-05 4.196190e-05 
1.068120e-04 1.220710e-04 
4.196190e-05 9.536790e-05 
1.068120e-04 4.196190e-05 
1.220710e-04 4.196190e-05 
1.144410e-04 7.629440e-05 
9.155320e-05 1.029970e-04 
4.577660e-05 1.144410e-04 
1.106270e-04 5.340600e-05 
4.196190e-05 5.722070e-05 
4.196190e-05 4.577660e-05 
1.144410e-04 4.196190e-05 
6.866500e-05 4.196190e-05 
7.247970e-05 1.220710e-04 
7.629440e-05 8.773850e-05 
7.247970e-05 1.068120e-04 
4.196190e-05 1.220710e-04 
1.144410e-04 1.068120e-04 
8.773850e-05 4.196190e-05 
9.155320e-05 1.144410e-04 
1.068120e-04 1.220710e-04 
6.866500e-05 9.918260e-05 
6.485030e-05 1.144410e-04 
7.629440e-05 1.029970e-04 
6.485030e-05 8.010910e-05 
8.392380e-05 8.392380e-05 
1.029970e-04 6.866500e-05 
1.029970e-04 4.196190e-05 
1.029970e-04 1.106270e-04 
4.196190e-05 5.722070e-05 
1.029970e-04 1.258860e-04 
1.182560e-04 4.577660e-05 
4.196190e-05 1.220710e-04 
1.068120e-04 9.536790e-05 
5.340600e-05 4.577660e-05 
4.196190e-05 1.220710e-04 
5.340600e-05 1.106270e-04 
4.959130e-05 7.629440e-05 
1.182560e-04 1.220710e-04 
4.577660e-05 5.722070e-05 
4.959130e-05 5.340600e-05 
5.722070e-05 9.536790e-05 
4.196190e-05 1.258860e-04 
8.773850e-05 1.068120e-04 
4.959130e-05 4.196190e-05 
7.629440e-05 4.196190e-05 
9.155320e-05 4.959130e-05 
6.103560e-05 7.629440e-05 
1.182560e-04 7.629440e-05 
6.866500e-05 1.220710e-04 
4.959130e-05 5.722070e-05 
1.220710e-04 5.722070e-05 
4.959130e-05 1.220710e-04 
9.155320e-05 4.196190e-05 
1.182560e-04 4.577660e-05 
1.220710e-04 9.155320e-05 
6.866500e-05 9.918260e-05 
1.029970e-04 4.196190e-05 
4.959130e-05 7.247970e-05 
8.392380e-05 4.577660e-05 
1.029970e-04 9.155320e-05 
4.196190e-05 1.106270e-04 
6.103560e-05 1.029970e-04 
4.196190e-05 4.577660e-05 
1.182560e-04 4.196190e-05 
1.144410e-04 1.106270e-04 
1.068120e-04 1.106270e-04 
1.106270e-04 9.918260e-05 
1.106270e-04 7.629440e-05 
4.959130e-05 1.068120e-04 
4.196190e-05 4.577660e-05 
7.629440e-05 5.340600e-05 
4.196190e-05 1.106270e-04 
1.106270e-04 1.220710e-04 
4.196190e-05 1.029970e-04 
6.485030e-05 5.340600e-05 
1.068120e-04 5.722070e-05 
4.577660e-05 1.029970e-04 
9.155320e-05 7.629440e-05 
8.773850e-05 4.959130e-05 
4.959130e-05 1.068120e-04 
8.010910e-05 4.577660e-05 
1.029970e-04 8.773850e-05 
6.485030e-05 9.918260e-05 
1.106270e-04 4.196190e-05 
1.029970e-04 1.029970e-04 
1.068120e-04 4.577660e-05 
4.577660e-05 9.918260e-05 
1.029970e-04 8.392380e-05 
8.010910e-05 5.722070e-05 
8.773850e-05 6.866500e-05 
4.196190e-05 4.196190e-05 
1.144410e-04 4.196190e-05 
9.918260e-05 5.340600e-05 
7.629440e-05 1.106270e-04 
6.103560e-05 9.918260e-05 
9.536790e-05 7.247970e-05 
9.155320e-05 1.068120e-04 
7.629440e-05 7.629440e-05 
9.918260e-05 4.959130e-05 
6.866500e-05 9.536790e-05 
1.029970e-04 7.629440e-05 
8.773850e-05 1.220710e-04 
1.068120e-04 1.106270e-04 
6.103560e-05 6.103560e-05 
4.959130e-05 9.155320e-05 
6.866500e-05 4.577660e-05 
4.959130e-05 4.577660e-05 
9.536790e-05 7.629440e-05 
5.340600e-05 7.247970e-05 
4.196190e-05 9.155320e-05 
4.196190e-05 1.029970e-04 
7.629440e-05 5.722070e-05 
9.918260e-05 4.577660e-05 
6.485030e-05 4.577660e-05 
4.196190e-05 9.155320e-05 
7.247970e-05 8.773850e-05 
7.629440e-05 1.068120e-04 
1.029970e-04 7.247970e-05 
6.866500e-05 1.029970e-04 
6.485030e-05 8.010910e-05 
1.029970e-04 1.106270e-04 
1.029970e-04 1.106270e-04 
7.629440e-05 9.155320e-05 
8.392380e-05 4.196190e-05 
1.182560e-04 7.629440e-05 
1.220710e-04 1.068120e-04 
9.155320e-05 7.629440e-05 
7.247970e-05 9.536790e-05 
4.959130e-05 4.577660e-05 
1.220710e-04 7.629440e-05 
6.866500e-05 4.959130e-05 
1.182560e-04 7.629440e-05 
7.247970e-05 9.918260e-05 
4.959130e-05 1.144410e-04 
1.068120e-04 1.220710e-04 
6.866500e-05 4.959130e-05 
1.106270e-04 4.959130e-05 
4.577660e-05 5.340600e-05 
1.068120e-04 4.959130e-05 
8.773850e-05 1.106270e-04 
6.103560e-05 6.103560e-05 
1.106270e-04 1.029970e-04 
4.959130e-05 7.629440e-05 
1.068120e-04 5.340600e-05 
7.247970e-05 1.106270e-04 
6.103560e-05 4.577660e-05 
8.773850e-05 5.340600e-05 
9.155320e-05 1.029970e-04 
8.010910e-05 4.196190e-05 
1.029970e-04 1.106270e-04 
5.340600e-05 4.196190e-05 
6.485030e-05 4.577660e-05 
1.144410e-04 1.182560e-04 
4.577660e-05 8.010910e-05 
8.010910e-05 4.196190e-05 
5.340600e-05 4.577660e-05 
6.485030e-05 4.959130e-05 
7.247970e-05 4.959130e-05 
4.959130e-05 1.144410e-04 
1.106270e-04 4.577660e-05 
9.155320e-05 1.106270e-04 
4.577660e-05 5.340600e-05 
7.629440e-05 4.959130e-05 
1.144410e-04 9.536790e-05 
4.959130e-05 1.182560e-04 
1.068120e-04 1.144410e-04 
1.258860e-04 8.010910e-05 
7.629440e-05 5.722070e-05 
7.629440e-05 5.722070e-05 
1.220710e-04 5.340600e-05 
8.773850e-05 1.297010e-04 
8.010910e-05 9.918260e-05 
1.144410e-04 4.959130e-05 
1.106270e-04 5.722070e-05 
7.629440e-05 1.182560e-04 
5.340600e-05 1.182560e-04 
6.485030e-05 1.182560e-04 
5.340600e-05 1.220710e-04 
8.010910e-05 1.297010e-04 
5.340600e-05 1.029970e-04 
5.722070e-05 5.340600e-05 
1.144410e-04 7.247970e-05 
1.144410e-04 6.103560e-05 
1.220710e-04 8.773850e-05 
6.866500e-05 8.773850e-05 
1.220710e-04 5.722070e-05 
9.918260e-05 1.258860e-04 
6.485030e-05 9.536790e-05 
9.155320e-05 6.866500e-05 
7.247970e-05 5.722070e-05 
1.068120e-04 1.335150e-04 
1.029970e-04 1.220710e-04 
6.866500e-05 1.220710e-04 
7.247970e-05 9.918260e-05 
1.106270e-04 6.866500e-05 
8.773850e-05 8.773850e-05 
7.247970e-05 1.029970e-04 
8.773850e-05 8.392380e-05 
1.029970e-04 1.182560e-04 
6.866500e-05 6.103560e-05 
7.629440e-05 5.340600e-05 
6.103560e-05 7.247970e-05 
5.722070e-05 1.258860e-04 
1.182560e-04 1.258860e-04 
5.722070e-05 1.182560e-04 
8.773850e-05 9.155320e-05 
1.220710e-04 1.029970e-04 
1.258860e-04 5.340600e-05 
6.485030e-05 9.918260e-05 
1.068120e-04 6.485030e-05 
1.106270e-04 1.220710e-04 
7.629440e-05 4.959130e-05 
9.536790e-05 1.029970e-04 
1.068120e-04 8.773850e-05 
1.068120e-04 8.392380e-05 
6.103560e-05 6.103560e-05 
6.103560e-05 8.010910e-05 
5.340600e-05 7.247970e-05 
8.010910e-05 5.722070e-05 
4.196190e-05 5.340600e-05 
4.959130e-05 4.577660e-05 
7.247970e-05 1.144410e-04 
1.068120e-04 7.629440e-05 
1.029970e-04 1.029970e-04 
8.392380e-05 4.959130e-05 
4.577660e-05 7.247970e-05 
7.247970e-05 4.196190e-05 
3.814720e-05 4.577660e-05 
4.577660e-05 6.866500e-05 
9.155320e-05 6.103560e-05 
4.959130e-05 8.392380e-05 
4.959130e-05 1.144410e-04 
4.959130e-05 8.392380e-05 
1.106270e-04 9.155320e-05 
6.866500e-05 7.629440e-05 
1.297010e-04 8.010910e-05 
6.485030e-05 5.340600e-05 
1.068120e-04 1.068120e-04 
9.155320e-05 1.029970e-04 
1.220710e-04 1.029970e-04 
1.297010e-04 7.629440e-05 
6.866500e-05 9.155320e-05 
1.297010e-04 6.866500e-05 
7.629440e-05 1.297010e-04 
7.629440e-05 9.536790e-05 
1.029970e-04 1.106270e-04 
8.392380e-05 1.487740e-04 
1.182560e-04 7.629440e-05 
1.220710e-04 7.629440e-05 
1.258860e-04 9.918260e-05 
1.297010e-04 1.182560e-04 
1.335150e-04 1.144410e-04 
1.106270e-04 8.010910e-05 
1.449590e-04 1.564040e-04 
1.335150e-04 1.297010e-04 
1.411450e-04 1.564040e-04 
1.487740e-04 8.392380e-05 
1.449590e-04 1.564040e-04 
8.392380e-05 1.220710e-04 
1.029970e-04 1.487740e-04 
1.487740e-04 1.335150e-04 
1.487740e-04 1.525890e-04 
9.536790e-05 9.155320e-05 
1.220710e-04 1.029970e-04 
9.155320e-05 9.536790e-05 
9.155320e-05 1.449590e-04 
9.536790e-05 1.564040e-04 
1.487740e-04 1.068120e-04 
1.411450e-04 9.536790e-05 
1.068120e-04 1.144410e-04 
1.106270e-04 1.106270e-04 
9.918260e-05 1.335150e-04 
1.564040e-04 9.918260e-05 
1.525890e-04 1.335150e-04 
1.297010e-04 1.297010e-04 
1.106270e-04 1.068120e-04 
1.564040e-04 1.182560e-04 
9.918260e-05 1.029970e-04 
1.411450e-04 1.449590e-04 
9.918260e-05 1.029970e-04 
1.182560e-04 1.029970e-04 
1.487740e-04 1.564040e-04 
1.182560e-04 1.373300e-04 
1.144410e-04 1.449590e-04 
1.716620e-04 1.029970e-04 
1.182560e-04 1.029970e-04 
1.144410e-04 1.258860e-04 
1.640330e-04 1.258860e-04 
1.182560e-04 1.220710e-04 
1.602180e-04 1.487740e-04 
1.297010e-04 1.106270e-04 
1.182560e-04 1.029970e-04 
1.640330e-04 1.182560e-04 
1.754770e-04 1.411450e-04 
1.297010e-04 1.487740e-04 
1.297010e-04 1.144410e-04 
1.411450e-04 1.602180e-04 
1.564040e-04 1.068120e-04 
1.564040e-04 1.602180e-04 
1.564040e-04 1.297010e-04 
1.144410e-04 1.449590e-04 
1.754770e-04 1.678480e-04 
1.297010e-04 1.831060e-04 
1.297010e-04 1.602180e-04 
1.297010e-04 1.525890e-04 
1.716620e-04 1.220710e-04 
1.831060e-04 1.258860e-04 
1.449590e-04 1.373300e-04 
1.602180e-04 1.182560e-04 
1.564040e-04 1.716620e-04 
1.716620e-04 1.144410e-04 
1.525890e-04 1.297010e-04 
1.678480e-04 1.373300e-04 
1.220710e-04 1.335150e-04 
1.335150e-04 1.525890e-04 
1.525890e-04 1.869210e-04 
1.220710e-04 1.564040e-04 
1.754770e-04 1.831060e-04 
1.754770e-04 1.297010e-04 
1.792920e-04 1.602180e-04 
1.831060e-04 1.258860e-04 
1.602180e-04 1.411450e-04 
1.564040e-04 1.792920e-04 
1.945500e-04 1.945500e-04 
1.945500e-04 1.487740e-04 
1.297010e-04 1.258860e-04 
1.373300e-04 1.297010e-04 
1.945500e-04 1.297010e-04 
1.945500e-04 1.792920e-04 
1.564040e-04 1.335150e-04 
1.831060e-04 1.869210e-04 
1.907360e-04 1.983650e-04 
1.869210e-04 1.564040e-04 
1.335150e-04 1.640330e-04 
1.335150e-04 1.297010e-04 
1.640330e-04 1.449590e-04 
1.449590e-04 1.716620e-04 
1.297010e-04 1.373300e-04 
1.335150e-04 1.869210e-04 
1.564040e-04 1.449590e-04 
1.602180e-04 1.754770e-04 
1.640330e-04 1.373300e-04 
1.373300e-04 1.335150e-04 
1.792920e-04 1.373300e-04 
2.059950e-04 1.564040e-04 
1.525890e-04 1.716620e-04 
1.640330e-04 1.487740e-04 
1.373300e-04 1.945500e-04 
1.678480e-04 1.907360e-04 
1.945500e-04 1.487740e-04 
1.564040e-04 1.983650e-04 
1.907360e-04 1.754770e-04 
1.411450e-04 1.831060e-04 
1.678480e-04 1.602180e-04 
1.983650e-04 1.564040e-04 
1.983650e-04 1.411450e-04 
1.831060e-04 2.021800e-04 
1.449590e-04 1.602180e-04 
1.716620e-04 1.792920e-04 
1.449590e-04 1.754770e-04 
2.059950e-04 1.907360e-04 
1.411450e-04 1.945500e-04 
1.640330e-04 1.525890e-04 
1.678480e-04 1.525890e-04 
1.640330e-04 1.831060e-04 
1.983650e-04 1.831060e-04 
1.983650e-04 1.525890e-04 
1.831060e-04 1.945500e-04 
1.411450e-04 1.792920e-04 
2.021800e-04 2.059950e-04 
1.869210e-04 2.059950e-04 
1.449590e-04 1.869210e-04 
1.411450e-04 1.411450e-04 
1.449590e-04 1.373300e-04 
1.525890e-04 1.373300e-04 
1.678480e-04 1.564040e-04 
1.411450e-04 1.869210e-04 
1.678480e-04 1.487740e-04 
1.869210e-04 1.907360e-04 
1.983650e-04 1.907360e-04 
1.525890e-04 1.449590e-04 
1.792920e-04 1.335150e-04 
1.411450e-04 1.831060e-04 
1.564040e-04 1.525890e-04 
1.487740e-04 1.297010e-04 
1.297010e-04 1.831060e-04 
1.678480e-04 1.525890e-04 
1.716620e-04 1.335150e-04 
1.258860e-04 1.297010e-04 
1.831060e-04 1.182560e-04 
1.487740e-04 1.373300e-04 
1.716620e-04 1.297010e-04 
1.564040e-04 1.792920e-04 
1.068120e-04 1.602180e-04 
1.182560e-04 1.258860e-04 
1.106270e-04 1.373300e-04 
1.525890e-04 1.449590e-04 
1.106270e-04 1.029970e-04 
1.144410e-04 1.297010e-04 
9.155320e-05 1.449590e-04 
1.449590e-04 1.106270e-04 
1.487740e-04 8.392380e-05 
1.297010e-04 9.155320e-05 
1.449590e-04 9.155320e-05 
1.029970e-04 1.297010e-04 
7.629440e-05 1.182560e-04 
1.029970e-04 1.182560e-04 
1.258860e-04 6.866500e-05 
6.866500e-05 1.029970e-04 
1.068120e-04 1.220710e-04 
5.340600e-05 9.918260e-05 
1.182560e-04 4.959130e-05 
1.029970e-04 9.155320e-05 
1.106270e-04 7.247970e-05 
8.392380e-05 1.106270e-04 
8.773850e-05 5.340600e-05 
4.196190e-05 3.814720e-05 
4.959130e-05 1.029970e-04 
7.247970e-05 4.959130e-05 
9.536790e-05 7.629440e-05 
6.103560e-05 5.722070e-05 
6.103560e-05 9.155320e-05 
9.918260e-05 8.773850e-05 
9.918260e-05 5.722070e-05 
5.722070e-05 6.485030e-05 
4.959130e-05 9.536790e-05 
5.340600e-05 1.029970e-04 
9.155320e-05 4.196190e-05 
8.773850e-05 3.433250e-05 
6.103560e-05 5.722070e-05 
9.918260e-05 8.392380e-05 
3.433250e-05 4.959130e-05 
8.010910e-05 8.773850e-05 
3.051780e-05 7.247970e-05 
5.340600e-05 9.155320e-05 
3.433250e-05 9.918260e-05 
3.814720e-05 8.010910e-05 
4.959130e-05 8.392380e-05 
4.959130e-05 1.029970e-04 
3.051780e-05 6.103560e-05 
4.577660e-05 7.629440e-05 
9.155320e-05 8.392380e-05 
3.433250e-05 4.959130e-05 
4.577660e-05 7.629440e-05 
8.773850e-05 9.155320e-05 
8.773850e-05 3.051780e-05 
9.155320e-05 3.814720e-05 
5.340600e-05 1.029970e-04 
4.959130e-05 4.577660e-05 
6.103560e-05 7.629440e-05 
8.773850e-05 4.196190e-05 
9.155320e-05 3.814720e-05 
1.029970e-04 3.814720e-05 
5.340600e-05 8.773850e-05 
5.722070e-05 1.068120e-04 
5.340600e-05 4.196190e-05 
9.536790e-05 7.629440e-05 
4.577660e-05 1.068120e-04 
4.577660e-05 5.340600e-05 
1.029970e-04 1.029970e-04 
9.918260e-05 1.182560e-04 
7.629440e-05 8.392380e-05 
5.340600e-05 1.258860e-04 
6.103560e-05 1.297010e-04 
6.866500e-05 1.144410e-04 
1.220710e-04 8.773850e-05 
1.258860e-04 1.297010e-04 
1.220710e-04 1.029970e-04 
1.220710e-04 8.773850e-05 
8.773850e-05 9.155320e-05 
1.106270e-04 1.068120e-04 
1.182560e-04 1.564040e-04 
1.564040e-04 1.106270e-04 
1.564040e-04 1.144410e-04 
1.182560e-04 1.297010e-04 
1.220710e-04 1.487740e-04 
1.564040e-04 1.945500e-04 
1.411450e-04 1.678480e-04 
1.869210e-04 1.716620e-04 
1.564040e-04 1.792920e-04 
1.831060e-04 1.602180e-04 
2.098090e-04 2.021800e-04 
1.640330e-04 2.212530e-04 
1.831060e-04 2.365120e-04 
2.365120e-04 2.250680e-04 
2.098090e-04 2.098090e-04 
1.945500e-04 1.869210e-04 
1.945500e-04 2.098090e-04 
2.479570e-04 1.983650e-04 
2.098090e-04 2.174390e-04 
2.059950e-04 2.098090e-04 
2.098090e-04 2.632160e-04 
2.326970e-04 2.517720e-04 
2.632160e-04 2.365120e-04 
2.288830e-04 2.555870e-04 
2.632160e-04 2.212530e-04 
2.861040e-04 2.899190e-04 
2.784750e-04 2.822890e-04 
2.326970e-04 2.784750e-04 
2.861040e-04 2.822890e-04 
2.365120e-04 2.861040e-04 
2.670310e-04 2.784750e-04 
2.632160e-04 2.365120e-04 
2.632160e-04 2.975480e-04 
2.594010e-04 2.899190e-04 
2.784750e-04 2.670310e-04 
2.479570e-04 2.632160e-04 
2.594010e-04 2.975480e-04 
2.403270e-04 2.517720e-04 
2.861040e-04 2.670310e-04 
2.670310e-04 2.822890e-04 
2.365120e-04 2.861040e-04 
2.365120e-04 2.441420e-04 
2.822890e-04 2.899190e-04 
2.365120e-04 2.403270e-04 
2.365120e-04 2.403270e-04 
2.365120e-04 2.822890e-04 
2.822890e-04 2.632160e-04 
2.975480e-04 2.632160e-04 
2.365120e-04 2.937340e-04 
2.975480e-04 2.784750e-04 
2.403270e-04 2.403270e-04 
2.517720e-04 2.861040e-04 
2.479570e-04 2.975480e-04 
2.746600e-04 2.708450e-04 
2.555870e-04 3.013630e-04 
2.594010e-04 9.851120e-02 
9.849980e-02 9.848830e-02 
9.840060e-02 9.846160e-02 
9.836240e-02 9.838530e-02 
9.835100e-02 9.833960e-02 
9.830520e-02 9.831670e-02 
9.829380e-02 9.820600e-02 
9.824420e-02 9.816790e-02 
9.815260e-02 9.812970e-02 
9.807630e-02 9.811070e-02 
9.803440e-02 9.799620e-02 
9.800390e-02 9.792380e-02 
9.796570e-02 9.786650e-02 
9.790850e-02 9.781310e-02 
9.783980e-02 9.778260e-02 
9.780170e-02 9.771780e-02 
9.774450e-02 9.766820e-02 
9.761480e-02 9.767200e-02 
9.755370e-02 9.760330e-02 
9.750410e-02 9.749650e-02 
9.746220e-02 9.750800e-02 
9.738590e-02 9.738970e-02 
9.741640e-02 9.738970e-02 
9.734770e-02 9.727140e-02 
9.726000e-02 9.726760e-02 
9.717990e-02 9.719130e-02 
9.712650e-02 9.714170e-02 
9.713410e-02 9.705020e-02 
9.705780e-02 9.698150e-02 
9.703110e-02 9.693960e-02 
9.690520e-02 9.687850e-02 
9.687090e-02 9.682130e-02 
9.680220e-02 9.678320e-02 
9.675260e-02 9.676410e-02 
9.672980e-02 9.672590e-02 
9.663820e-02 9.660010e-02 
9.664200e-02 9.659620e-02 
9.663440e-02 9.658100e-02 
9.655050e-02 9.659620e-02 
9.660390e-02 9.660770e-02 
9.663060e-02 9.657340e-02 
9.663440e-02 9.654660e-02 
9.659620e-02 9.655430e-02 
9.655430e-02 9.661530e-02 
9.658480e-02 9.660390e-02 
9.654660e-02 9.655810e-02 
9.656950e-02 9.662290e-02 
9.656950e-02 9.660770e-02 
9.660770e-02 9.655430e-02 
9.658860e-02 9.661530e-02 
9.655810e-02 9.661530e-02 
9.655810e-02 9.659240e-02 
9.659240e-02 9.661530e-02 
9.656190e-02 9.661910e-02 
9.655810e-02 9.661910e-02 
9.655430e-02 9.660770e-02 
9.656950e-02 9.656190e-02 
9.662290e-02 9.656950e-02 
9.663440e-02 9.654660e-02 
9.655050e-02 9.653900e-02 
9.657720e-02 9.658860e-02 
9.658480e-02 9.661150e-02 
9.661530e-02 9.654660e-02 
9.663440e-02 9.662290e-02 
9.656570e-02 9.660390e-02 
9.660770e-02 9.653900e-02 
9.662290e-02 9.659240e-02 
9.662680e-02 9.659620e-02 
9.658860e-02 9.661530e-02 
9.657340e-02 9.660010e-02 
9.662290e-02 9.658860e-02 
9.655430e-02 9.654660e-02 
9.658100e-02 9.655050e-02 
9.663060e-02 9.655050e-02 
9.657340e-02 9.658480e-02 
9.657340e-02 9.662290e-02 
9.658480e-02 9.660390e-02 
9.657340e-02 9.661530e-02 
9.656950e-02 9.660010e-02 
9.657340e-02 9.658860e-02 
9.663060e-02 9.655050e-02 
9.659620e-02 9.659620e-02 
9.663820e-02 9.662290e-02 
9.660010e-02 9.658860e-02 
9.656190e-02 9.657340e-02 
9.656950e-02 9.658100e-02 
9.660010e-02 9.656950e-02 
9.662290e-02 9.653520e-02 
9.662290e-02 9.655430e-02 
9.661150e-02 9.654280e-02 
9.663440e-02 9.661150e-02 
9.656950e-02 9.654280e-02 
9.659620e-02 9.661530e-02 
9.663060e-02 9.655050e-02 
9.656190e-02 9.661910e-02 
9.658860e-02 9.661530e-02 
9.660770e-02 9.653900e-02 
9.657340e-02 9.660770e-02 
9.657340e-02 9.659620e-02 
9.656190e-02 9.655050e-02 
9.662680e-02 9.661910e-02 
9.656950e-02 9.659620e-02 
9.658480e-02 9.658100e-02 
9.660390e-02 9.660770e-02 
9.662290e-02 9.661150e-02 
9.659620e-02 9.660390e-02 
9.664200e-02 9.654660e-02 
9.662290e-02 9.649320e-02 
9.658480e-02 9.649320e-02 
9.646650e-02 9.638640e-02 
9.645890e-02 9.633300e-02 
9.640550e-02 9.630630e-02 
9.628340e-02 9.621480e-02 
9.629490e-02 9.617660e-02 
9.617660e-02 9.616520e-02 
9.614610e-02 9.603550e-02 
9.613080e-02 9.599350e-02 
9.606980e-02 9.599350e-02 
9.593250e-02 9.587530e-02 
9.594770e-02 9.587140e-02 
9.586000e-02 9.582950e-02 
9.581420e-02 9.570740e-02 
9.575320e-02 9.572650e-02 
9.563490e-02 9.567690e-02 
9.561970e-02 9.561200e-02 
9.552810e-02 9.553580e-02 
9.552810e-02 9.543280e-02 
9.548230e-02 9.544800e-02 
9.541370e-02 9.535260e-02 
9.534120e-02 9.531830e-02 
9.529920e-02 9.526490e-02 
9.517340e-02 9.522290e-02 
9.517720e-02 9.509710e-02 
9.511610e-02 9.507040e-02 
9.505130e-02 9.501310e-02 
9.501310e-02 9.498260e-02 
9.489490e-02 9.490250e-02 
9.489870e-02 9.480710e-02 
9.478040e-02 9.475760e-02 
9.472320e-02 9.474990e-02 
9.472320e-02 9.464310e-02 
9.465840e-02 9.459350e-02 
9.456300e-02 9.459350e-02 
9.456300e-02 9.447530e-02 
9.450200e-02 9.448290e-02 
9.437990e-02 9.440660e-02 
9.439130e-02 9.429220e-02 
9.433790e-02 9.429980e-02 
9.426930e-02 9.417770e-02 
9.417390e-02 9.414340e-02 
9.413960e-02 9.405570e-02 
9.410140e-02 9.403280e-02 
9.404420e-02 9.399460e-02 
9.392980e-02 9.389930e-02 
9.395650e-02 9.386110e-02 
9.387640e-02 9.380390e-02 
9.379630e-02 9.381910e-02 
9.376960e-02 9.370470e-02 
9.374280e-02 9.371610e-02 
9.363600e-02 9.363990e-02 
9.361700e-02 9.353300e-02 
9.354830e-02 9.347200e-02 
9.342240e-02 9.341100e-02 
9.337660e-02 9.332320e-02 
9.330030e-02 9.331560e-02 
9.322790e-02 9.323550e-02 
9.317060e-02 9.314010e-02 
9.312490e-02 9.311340e-02 
9.303330e-02 9.303710e-02 
9.297610e-02 9.295320e-02 
9.296080e-02 9.296080e-02 
9.295320e-02 9.289980e-02 
9.284260e-02 9.288070e-02 
9.279680e-02 9.282350e-02 
9.278150e-02 9.274340e-02 
9.279300e-02 9.274340e-02 
9.272050e-02 9.268240e-02 
9.264420e-02 9.266710e-02 
9.262510e-02 9.260230e-02 
9.255270e-02 9.259460e-02 
9.256410e-02 9.246110e-02 
9.247260e-02 9.241530e-02 
9.239630e-02 9.235050e-02 
9.236190e-02 9.225510e-02 
9.226270e-02 9.223990e-02 
9.213690e-02 9.214450e-02 
9.207200e-02 9.199950e-02 
9.202240e-02 9.196520e-02 
9.194610e-02 9.188130e-02 
9.180120e-02 9.180500e-02 
9.174010e-02 9.172490e-02 
9.166770e-02 9.161420e-02 
9.165620e-02 9.154180e-02 
9.154940e-02 9.148070e-02 
9.151120e-02 9.145780e-02 
9.139680e-02 9.142350e-02 
9.133960e-02 9.134340e-02 
9.127090e-02 9.129380e-02 
9.121750e-02 9.119080e-02 
9.120610e-02 9.114890e-02 
9.116030e-02 9.111450e-02 
9.108780e-02 9.112220e-02 
9.106870e-02 9.104200e-02 
9.103060e-02 9.098860e-02 
9.103440e-02 9.102680e-02 
9.096190e-02 9.099630e-02 
9.099250e-02 9.093900e-02 
9.091620e-02 9.096570e-02 
9.092000e-02 9.095810e-02 
9.090090e-02 9.093900e-02 
9.086660e-02 9.092760e-02 
9.086660e-02 9.085130e-02 
9.090850e-02 9.090470e-02 
9.082840e-02 9.084370e-02 
9.079410e-02 9.078650e-02 
9.081700e-02 9.075980e-02 
9.071020e-02 9.069110e-02 
9.068350e-02 9.061860e-02 
9.063010e-02 9.053090e-02 
9.050040e-02 9.046600e-02 
9.040500e-02 9.035920e-02 
9.031340e-02 9.032110e-02 
9.027910e-02 9.016850e-02 
9.012270e-02 9.013030e-02 
9.004640e-02 9.000440e-02 
8.992820e-02 8.986330e-02 
8.985950e-02 8.983280e-02 
8.978320e-02 8.971830e-02 
8.967260e-02 8.963060e-02 
8.957720e-02 8.953140e-02 
8.945510e-02 8.939030e-02 
8.932920e-02 8.929110e-02 
8.931780e-02 8.919570e-02 
8.915000e-02 8.918430e-02 
8.909270e-02 8.909270e-02 
8.904700e-02 8.894780e-02 
8.892110e-02 8.891340e-02 
8.886380e-02 8.885240e-02 
8.876090e-02 8.878760e-02 
8.867690e-02 8.870740e-02 
8.863500e-02 8.863880e-02 
8.854720e-02 8.857390e-02 
8.846330e-02 8.849000e-02 
8.840610e-02 8.842520e-02 
8.839080e-02 8.829160e-02 
8.832220e-02 8.822680e-02 
8.824970e-02 8.823060e-02 
8.814670e-02 8.810850e-02 
8.812760e-02 8.803610e-02 
8.805130e-02 8.803610e-02 
8.800550e-02 8.797120e-02 
8.793690e-02 8.786440e-02 
8.782240e-02 8.779950e-02 
8.781860e-02 8.780340e-02 
8.776520e-02 8.768510e-02 
8.766980e-02 8.767370e-02 
8.762030e-02 8.759360e-02 
8.758590e-02 8.756300e-02 
8.754400e-02 8.754400e-02 
8.746770e-02 8.746770e-02 
8.742950e-02 8.742190e-02 
8.739140e-02 8.741810e-02 
8.737610e-02 8.734180e-02 
8.732270e-02 8.737610e-02 
8.731130e-02 8.734940e-02 
8.728840e-02 8.733030e-02 
8.732270e-02 8.733030e-02 
8.725020e-02 8.729980e-02 
8.725020e-02 8.729600e-02 
8.725790e-02 8.731130e-02 
8.731510e-02 8.730360e-02 
8.728840e-02 8.727690e-02 
8.730360e-02 8.729220e-02 
8.736470e-02 8.733030e-02 
8.736470e-02 8.733800e-02 
8.739520e-02 8.743720e-02 
8.745620e-02 8.743720e-02 
8.747530e-02 8.749440e-02 
8.748670e-02 8.747530e-02 
8.748290e-02 8.757450e-02 
8.751340e-02 8.754010e-02 
8.761260e-02 8.759360e-02 
8.758590e-02 8.758590e-02 
8.759360e-02 8.761640e-02 
8.762030e-02 8.767370e-02 
8.766220e-02 8.763930e-02 
8.767750e-02 8.764700e-02 
8.764700e-02 8.762030e-02 
8.758210e-02 8.754780e-02 
8.757070e-02 8.750200e-02 
8.749820e-02 8.745620e-02 
8.741430e-02 8.737990e-02 
8.735700e-02 8.733420e-02 
8.723500e-02 8.724260e-02 
8.713200e-02 8.713580e-02 
8.702900e-02 8.698700e-02 
8.688400e-02 8.685350e-02 
8.674290e-02 8.669330e-02 
8.665130e-02 8.652160e-02 
8.646060e-02 8.637670e-02 
8.633470e-02 8.626990e-02 
8.617830e-02 8.614020e-02 
8.606770e-02 8.601050e-02 
8.592650e-02 8.582350e-02 
8.577390e-02 8.571290e-02 
8.567090e-02 8.555650e-02 
8.550310e-02 8.548400e-02 
8.536580e-02 8.533140e-02 
8.527040e-02 8.523990e-02 
8.516740e-02 8.509490e-02 
8.508350e-02 8.495760e-02 
8.496140e-02 8.489660e-02 
8.485840e-02 8.479360e-02 
8.473630e-02 8.472110e-02 
8.467150e-02 8.461050e-02 
8.455710e-02 8.449220e-02 
8.447690e-02 8.445020e-02 
8.438540e-02 8.430530e-02 
8.425190e-02 8.427100e-02 
8.422140e-02 8.413360e-02 
8.409550e-02 8.411460e-02 
8.404970e-02 8.403830e-02 
8.396580e-02 8.393910e-02 
8.392380e-02 8.386280e-02 
8.380940e-02 8.381700e-02 
8.372550e-02 8.374450e-02 
8.369490e-02 8.363770e-02 
8.363770e-02 8.355000e-02 
8.352330e-02 8.351950e-02 
8.346990e-02 8.345080e-02 
8.345460e-02 8.336690e-02 
8.335540e-02 8.329820e-02 
8.327910e-02 8.327910e-02 
8.322190e-02 8.324100e-02 
8.320280e-02 8.315320e-02 
8.316850e-02 8.312650e-02 
8.310370e-02 8.306550e-02 
8.298160e-02 8.302740e-02 
8.295870e-02 8.291290e-02 
8.294340e-02 8.288620e-02 
8.287100e-02 8.279850e-02 
8.284430e-02 8.274890e-02 
8.273360e-02 8.276410e-02 
8.267260e-02 8.271070e-02 
8.268020e-02 8.263830e-02 
8.260010e-02 8.257720e-02 
8.258870e-02 8.255050e-02 
8.249710e-02 8.249710e-02 
8.243230e-02 8.239790e-02 
8.239790e-02 8.235220e-02 
8.238270e-02 8.229880e-02 
8.227590e-02 8.230640e-02 
8.226060e-02 8.224920e-02 
8.220720e-02 8.216140e-02 
8.215000e-02 8.210800e-02 
8.213850e-02 8.205460e-02 
8.208510e-02 8.201650e-02 
8.203170e-02 8.196310e-02 
8.195160e-02 8.190200e-02 
8.188300e-02 8.187530e-02 
8.186770e-02 8.179140e-02 
8.179140e-02 8.178380e-02 
8.174180e-02 8.169220e-02 
8.165410e-02 8.163880e-02 
8.159300e-02 8.163120e-02 
8.155490e-02 8.157780e-02 
8.149390e-02 8.149000e-02 
8.144040e-02 8.143660e-02 
8.144040e-02 8.134510e-02 
8.138700e-02 8.131070e-02 
8.132980e-02 8.124970e-02 
8.126120e-02 8.118100e-02 
8.120390e-02 8.112380e-02 
8.113910e-02 8.107040e-02 
8.105900e-02 8.106280e-02 
8.097890e-02 8.100560e-02 
8.092930e-02 8.089110e-02 
8.088730e-02 8.089110e-02 
8.080720e-02 8.083770e-02 
8.074240e-02 8.071180e-02 
8.069660e-02 8.068130e-02 
8.067750e-02 8.062030e-02 
8.061650e-02 8.054400e-02 
8.055930e-02 8.050200e-02 
8.050580e-02 8.046010e-02 
8.044480e-02 8.042570e-02 
8.034180e-02 8.038000e-02 
8.034180e-02 8.028460e-02 
8.023500e-02 8.023880e-02 
8.019300e-02 8.013580e-02 
8.014730e-02 8.014730e-02 
8.010530e-02 8.008240e-02 
8.004050e-02 7.999470e-02 
7.999470e-02 7.997560e-02 
7.994510e-02 7.988790e-02 
7.989170e-02 7.986500e-02 
7.979630e-02 7.976580e-02 
7.972380e-02 7.969710e-02 
7.969710e-02 7.966660e-02 
7.965140e-02 7.965140e-02 
7.958650e-02 7.954450e-02 
7.951020e-02 7.948730e-02 
7.945680e-02 7.943390e-02 
7.942250e-02 7.942250e-02 
7.937290e-02 7.938430e-02 
7.935380e-02 7.926230e-02 
7.930800e-02 7.920890e-02 
7.925080e-02 7.919360e-02 
7.914020e-02 7.916690e-02 
7.912490e-02 7.907920e-02 
7.904860e-02 7.906770e-02 
7.898380e-02 7.896470e-02 
7.898760e-02 7.891130e-02 
7.894560e-02 7.888080e-02 
7.889220e-02 7.882740e-02 
7.882360e-02 7.880830e-02 
7.879690e-02 7.872060e-02 
7.873960e-02 7.870150e-02 
7.869010e-02 7.864810e-02 
7.861380e-02 7.860990e-02 
7.856800e-02 7.854510e-02 
7.851080e-02 7.848410e-02 
7.843830e-02 7.846880e-02 
7.840780e-02 7.840390e-02 
7.835440e-02 7.833150e-02 
7.830100e-02 7.830100e-02 
7.832000e-02 7.824370e-02 
7.822470e-02 7.822470e-02 
7.818650e-02 7.820180e-02 
7.817510e-02 7.812930e-02 
7.809110e-02 7.813310e-02 
7.804540e-02 7.805680e-02 
7.807210e-02 7.799200e-02 
7.797670e-02 7.799960e-02 
7.794240e-02 7.795380e-02 
7.788900e-02 7.788900e-02 
7.785080e-02 7.783560e-02 
7.784700e-02 7.781650e-02 
7.782790e-02 7.782030e-02 
7.775930e-02 7.779360e-02 
7.777070e-02 7.773640e-02 
7.770590e-02 7.773640e-02 
7.770200e-02 7.769060e-02 
7.770200e-02 7.763340e-02 
7.768300e-02 7.765250e-02 
7.762190e-02 7.764860e-02 
7.758760e-02 7.764860e-02 
7.761050e-02 7.761430e-02 
7.757230e-02 7.756850e-02 
7.755710e-02 7.757230e-02 
7.759140e-02 7.761050e-02 
7.756470e-02 7.758380e-02 
7.759520e-02 7.756090e-02 
7.759900e-02 7.757620e-02 
7.763720e-02 7.759520e-02 
7.765630e-02 7.767530e-02 
7.762580e-02 7.769060e-02 
7.766770e-02 7.769440e-02 
7.769060e-02 7.770970e-02 
7.778600e-02 7.778220e-02 
7.777070e-02 7.785080e-02 
7.784700e-02 7.790040e-02 
7.791570e-02 7.795000e-02 
7.793860e-02 7.798430e-02 
7.803390e-02 7.801490e-02 
7.808350e-02 7.809500e-02 
7.814840e-02 7.814840e-02 
7.818650e-02 7.826280e-02 
7.823610e-02 7.832000e-02 
7.833910e-02 7.837720e-02 
7.838870e-02 7.841540e-02 
7.846500e-02 7.853360e-02 
7.855650e-02 7.860990e-02 
7.858710e-02 7.865950e-02 
7.869770e-02 7.866720e-02 
7.872820e-02 7.877020e-02 
7.874730e-02 7.882740e-02 
7.885030e-02 7.887700e-02 
7.887320e-02 7.886170e-02 
7.892660e-02 7.890370e-02 
7.893040e-02 7.899140e-02 
7.896470e-02 7.898380e-02 
7.901810e-02 7.897620e-02 
7.902570e-02 7.904860e-02 
7.904100e-02 7.902960e-02 
7.906770e-02 7.903720e-02 
7.906770e-02 7.904480e-02 
7.906010e-02 7.911350e-02 
7.912110e-02 7.914400e-02 
7.907150e-02 7.912870e-02 
7.912870e-02 7.906390e-02 
7.912490e-02 7.906770e-02 
7.910590e-02 7.908680e-02 
7.912490e-02 7.910970e-02 
7.907530e-02 7.910590e-02 
7.911350e-02 7.911730e-02 
7.909440e-02 7.912110e-02 
7.908680e-02 7.913640e-02 
7.909060e-02 7.913260e-02 
7.914020e-02 7.914400e-02 
7.909060e-02 7.914400e-02 
7.910970e-02 7.912490e-02 
7.909060e-02 7.909060e-02 
7.913640e-02 7.914020e-02 
7.907920e-02 7.913640e-02 
7.909440e-02 7.909060e-02 
7.909060e-02 7.909440e-02 
7.913260e-02 7.910200e-02 
7.908300e-02 7.906390e-02 
7.912110e-02 7.906010e-02 
7.906390e-02 7.912110e-02 
7.907530e-02 7.904860e-02 
7.903340e-02 7.903340e-02 
7.906770e-02 7.904100e-02 
7.904480e-02 7.899520e-02 
7.904860e-02 7.896470e-02 
7.898000e-02 7.897230e-02 
7.895330e-02 7.893040e-02 
7.895330e-02 7.887320e-02 
7.888460e-02 7.883120e-02 
7.879300e-02 7.882740e-02 
7.872440e-02 7.875110e-02 
7.872060e-02 7.862140e-02 
7.864050e-02 7.860610e-02 
7.852980e-02 7.847260e-02 
7.840390e-02 7.841540e-02 
7.828950e-02 7.827810e-02 
7.819410e-02 7.816360e-02 
7.810640e-02 7.800340e-02 
7.798050e-02 7.791190e-02 
7.780500e-02 7.774400e-02 
7.768300e-02 7.758380e-02 
7.748840e-02 7.740070e-02 
7.731680e-02 7.728240e-02 
7.717560e-02 7.708020e-02 
7.701920e-02 7.689710e-02 
7.683990e-02 7.669880e-02 
7.660340e-02 7.653470e-02 
7.642410e-02 7.637830e-02 
7.623720e-02 7.616090e-02 
7.605030e-02 7.598160e-02 
7.589770e-02 7.579090e-02 
7.565740e-02 7.557730e-02 
7.552390e-02 7.541320e-02 
7.534070e-02 7.526830e-02 
7.512710e-02 7.508520e-02 
7.496310e-02 7.492110e-02 
7.481430e-02 7.475710e-02 
7.465790e-02 7.460070e-02 
7.447860e-02 7.439470e-02 
7.433750e-02 7.424210e-02 
7.421920e-02 7.408950e-02 
7.402470e-02 7.397890e-02 
7.393690e-02 7.384920e-02 
7.376910e-02 7.375000e-02 
7.368900e-02 7.362790e-02 
7.357070e-02 7.347150e-02 
7.343340e-02 7.339910e-02 
7.332660e-02 7.328840e-02 
7.320070e-02 7.319690e-02 
7.314730e-02 7.306720e-02 
7.301760e-02 7.294510e-02 
7.291840e-02 7.288410e-02 
7.280780e-02 7.281920e-02 
7.280020e-02 7.280020e-02 
7.277730e-02 7.273910e-02 
7.278490e-02 7.277730e-02 
7.278490e-02 7.277730e-02 
7.274680e-02 7.274290e-02 
7.277730e-02 7.274680e-02 
7.276200e-02 7.276960e-02 
7.272010e-02 7.270100e-02 
7.275820e-02 7.273910e-02 
7.275060e-02 7.272390e-02 
7.270100e-02 7.275060e-02 
7.269330e-02 7.268950e-02 
7.273150e-02 7.274290e-02 
7.268570e-02 7.270480e-02 
7.269330e-02 7.270100e-02 
7.271240e-02 7.271240e-02 
7.273530e-02 7.272010e-02 
7.273150e-02 7.271620e-02 
7.268190e-02 7.272390e-02 
7.273910e-02 7.271240e-02 
7.273150e-02 7.271620e-02 
7.270100e-02 7.273150e-02 
7.267430e-02 7.273530e-02 
7.269330e-02 7.267050e-02 
7.272390e-02 7.270100e-02 
7.268570e-02 7.271620e-02 
