1.602180e-04 1.525890e-04 
2.059950e-04 1.678480e-04 
1.602180e-04 1.449590e-04 
1.525890e-04 1.678480e-04 
1.831060e-04 1.754770e-04 
1.983650e-04 1.525890e-04 
1.831060e-04 1.449590e-04 
1.983650e-04 1.525890e-04 
1.983650e-04 1.525890e-04 
1.602180e-04 1.449590e-04 
1.907360e-04 1.983650e-04 
1.449590e-04 1.449590e-04 
1.678480e-04 1.602180e-04 
1.525890e-04 1.678480e-04 
1.983650e-04 1.983650e-04 
1.449590e-04 1.449590e-04 
1.449590e-04 1.449590e-04 
1.449590e-04 1.831060e-04 
2.059950e-04 1.983650e-04 
1.907360e-04 2.059950e-04 
1.907360e-04 1.831060e-04 
2.059950e-04 1.525890e-04 
1.449590e-04 1.602180e-04 
1.525890e-04 1.907360e-04 
1.831060e-04 1.907360e-04 
1.983650e-04 2.059950e-04 
1.525890e-04 1.525890e-04 
1.602180e-04 2.059950e-04 
1.602180e-04 1.983650e-04 
1.525890e-04 1.449590e-04 
1.754770e-04 1.678480e-04 
2.059950e-04 1.373300e-04 
1.525890e-04 1.907360e-04 
1.907360e-04 1.983650e-04 
1.373300e-04 1.907360e-04 
1.754770e-04 1.373300e-04 
1.678480e-04 1.907360e-04 
1.831060e-04 1.754770e-04 
1.907360e-04 1.983650e-04 
1.831060e-04 1.907360e-04 
1.678480e-04 1.525890e-04 
1.983650e-04 1.907360e-04 
1.525890e-04 1.754770e-04 
1.831060e-04 1.831060e-04 
1.373300e-04 1.297010e-04 
1.297010e-04 1.754770e-04 
1.831060e-04 1.449590e-04 
1.754770e-04 1.373300e-04 
1.754770e-04 1.678480e-04 
1.297010e-04 1.525890e-04 
1.220710e-04 1.144410e-04 
1.449590e-04 1.144410e-04 
1.144410e-04 1.449590e-04 
1.754770e-04 1.449590e-04 
1.373300e-04 1.373300e-04 
1.144410e-04 1.678480e-04 
1.525890e-04 9.918260e-05 
1.525890e-04 1.068120e-04 
1.144410e-04 1.220710e-04 
9.918260e-05 1.449590e-04 
9.918260e-05 9.918260e-05 
1.525890e-04 1.220710e-04 
1.525890e-04 9.155320e-05 
1.525890e-04 9.155320e-05 
1.373300e-04 1.373300e-04 
1.068120e-04 9.155320e-05 
9.155320e-05 1.525890e-04 
9.918260e-05 9.918260e-05 
1.373300e-04 1.068120e-04 
1.144410e-04 9.918260e-05 
7.629440e-05 1.297010e-04 
1.297010e-04 1.297010e-04 
6.866500e-05 8.392380e-05 
1.220710e-04 8.392380e-05 
1.068120e-04 9.918260e-05 
1.297010e-04 6.866500e-05 
9.155320e-05 8.392380e-05 
9.155320e-05 1.144410e-04 
1.220710e-04 1.220710e-04 
5.340600e-05 6.103560e-05 
5.340600e-05 7.629440e-05 
6.866500e-05 4.577660e-05 
4.577660e-05 9.918260e-05 
1.068120e-04 1.068120e-04 
9.918260e-05 7.629440e-05 
4.577660e-05 9.918260e-05 
9.918260e-05 4.577660e-05 
4.577660e-05 8.392380e-05 
9.918260e-05 6.103560e-05 
4.577660e-05 9.918260e-05 
5.340600e-05 4.577660e-05 
9.155320e-05 8.392380e-05 
1.068120e-04 6.866500e-05 
7.629440e-05 9.155320e-05 
8.392380e-05 3.814720e-05 
4.577660e-05 4.577660e-05 
4.577660e-05 3.814720e-05 
9.918260e-05 8.392380e-05 
9.155320e-05 6.866500e-05 
3.814720e-05 8.392380e-05 
9.155320e-05 3.814720e-05 
4.577660e-05 6.103560e-05 
8.392380e-05 9.918260e-05 
9.155320e-05 9.918260e-05 
9.918260e-05 3.814720e-05 
3.814720e-05 6.103560e-05 
9.918260e-05 8.392380e-05 
9.918260e-05 8.392380e-05 
5.340600e-05 6.103560e-05 
7.629440e-05 3.814720e-05 
6.866500e-05 8.392380e-05 
9.155320e-05 9.155320e-05 
8.392380e-05 3.051780e-05 
3.051780e-05 9.918260e-05 
9.918260e-05 6.103560e-05 
5.340600e-05 9.918260e-05 
9.918260e-05 8.392380e-05 
9.155320e-05 3.051780e-05 
9.155320e-05 8.392380e-05 
4.577660e-05 4.577660e-05 
8.392380e-05 9.155320e-05 
4.577660e-05 3.814720e-05 
7.629440e-05 3.814720e-05 
3.814720e-05 7.629440e-05 
3.051780e-05 9.155320e-05 
8.392380e-05 8.392380e-05 
6.866500e-05 6.866500e-05 
9.918260e-05 5.340600e-05 
4.577660e-05 3.814720e-05 
4.577660e-05 3.814720e-05 
9.155320e-05 4.577660e-05 
6.103560e-05 4.577660e-05 
6.866500e-05 3.051780e-05 
4.577660e-05 8.392380e-05 
9.918260e-05 9.918260e-05 
4.577660e-05 9.918260e-05 
3.814720e-05 9.155320e-05 
3.051780e-05 9.918260e-05 
7.629440e-05 9.918260e-05 
7.629440e-05 6.103560e-05 
5.340600e-05 9.918260e-05 
3.814720e-05 9.155320e-05 
9.918260e-05 3.814720e-05 
5.340600e-05 8.392380e-05 
3.814720e-05 6.866500e-05 
4.577660e-05 9.918260e-05 
9.918260e-05 9.918260e-05 
9.918260e-05 9.155320e-05 
4.577660e-05 6.866500e-05 
8.392380e-05 4.577660e-05 
1.068120e-04 9.918260e-05 
7.629440e-05 9.918260e-05 
6.866500e-05 1.144410e-04 
6.866500e-05 6.103560e-05 
4.577660e-05 1.144410e-04 
1.220710e-04 7.629440e-05 
1.144410e-04 8.392380e-05 
6.103560e-05 9.155320e-05 
9.918260e-05 1.297010e-04 
9.918260e-05 1.068120e-04 
1.297010e-04 1.220710e-04 
1.068120e-04 1.297010e-04 
1.373300e-04 7.629440e-05 
1.373300e-04 8.392380e-05 
1.220710e-04 1.373300e-04 
1.373300e-04 1.068120e-04 
1.525890e-04 7.873580e-02 
7.879690e-02 7.877400e-02 
7.875110e-02 7.874350e-02 
7.874350e-02 7.874350e-02 
7.873580e-02 7.876630e-02 
7.875110e-02 7.871290e-02 
7.873580e-02 7.866720e-02 
7.865190e-02 7.863660e-02 
7.865950e-02 7.865950e-02 
7.858320e-02 7.858320e-02 
7.861380e-02 7.859850e-02 
7.856800e-02 7.854510e-02 
7.852980e-02 7.853750e-02 
7.849170e-02 7.847640e-02 
7.846880e-02 7.848410e-02 
7.840780e-02 7.838490e-02 
7.837720e-02 7.836200e-02 
7.837720e-02 7.833150e-02 
7.837720e-02 7.834670e-02 
7.833910e-02 7.833150e-02 
7.832380e-02 7.830860e-02 
7.830100e-02 7.822470e-02 
7.821700e-02 7.821700e-02 
7.823230e-02 7.822470e-02 
7.818650e-02 7.817890e-02 
7.817890e-02 7.817130e-02 
7.812550e-02 7.811020e-02 
7.811780e-02 7.814070e-02 
7.807210e-02 7.807210e-02 
7.811020e-02 7.809500e-02 
7.807210e-02 7.805680e-02 
7.805680e-02 7.800340e-02 
7.798050e-02 7.797290e-02 
7.801100e-02 7.801100e-02 
7.795000e-02 7.795000e-02 
7.792710e-02 7.792710e-02 
7.796530e-02 7.796530e-02 
7.793470e-02 7.795000e-02 
7.794240e-02 7.793470e-02 
7.788130e-02 7.792710e-02 
7.791190e-02 7.790420e-02 
7.788900e-02 7.791190e-02 
7.784320e-02 7.788900e-02 
7.788900e-02 7.789660e-02 
7.789660e-02 7.784320e-02 
7.783560e-02 7.786610e-02 
7.788900e-02 7.784320e-02 
7.787370e-02 7.784320e-02 
7.789660e-02 7.789660e-02 
7.785840e-02 7.784320e-02 
7.789660e-02 7.785840e-02 
7.789660e-02 7.786610e-02 
7.787370e-02 7.789660e-02 
7.788900e-02 7.791190e-02 
7.789660e-02 7.796530e-02 
7.791190e-02 7.798810e-02 
7.799580e-02 7.795000e-02 
7.798810e-02 7.797290e-02 
7.798810e-02 7.800340e-02 
7.803390e-02 7.804160e-02 
7.807970e-02 7.805680e-02 
7.811020e-02 7.810260e-02 
7.814840e-02 7.811020e-02 
7.819410e-02 7.815600e-02 
7.821700e-02 7.823230e-02 
7.821700e-02 7.821700e-02 
7.823230e-02 7.832380e-02 
7.828570e-02 7.830100e-02 
7.836960e-02 7.835440e-02 
7.838490e-02 7.838490e-02 
7.840780e-02 7.847640e-02 
7.848410e-02 7.852980e-02 
7.849930e-02 7.852980e-02 
7.859850e-02 7.859090e-02 
7.863660e-02 7.865190e-02 
7.869010e-02 7.866720e-02 
7.868240e-02 7.872820e-02 
7.872060e-02 7.879690e-02 
7.881210e-02 7.879690e-02 
7.882740e-02 7.884260e-02 
7.885030e-02 7.889600e-02 
7.890370e-02 7.894180e-02 
7.892660e-02 7.898760e-02 
7.901050e-02 7.903340e-02 
7.905630e-02 7.905630e-02 
7.903340e-02 7.909440e-02 
7.911730e-02 7.907920e-02 
7.910200e-02 7.913260e-02 
7.918600e-02 7.920120e-02 
7.916310e-02 7.920890e-02 
7.919360e-02 7.921650e-02 
7.924700e-02 7.926990e-02 
7.929280e-02 7.930800e-02 
7.930040e-02 7.926990e-02 
7.930800e-02 7.927750e-02 
7.932330e-02 7.930040e-02 
7.933860e-02 7.932330e-02 
7.938430e-02 7.936910e-02 
7.937670e-02 7.935380e-02 
7.934620e-02 7.940720e-02 
7.941480e-02 7.936140e-02 
7.936910e-02 7.936910e-02 
7.940720e-02 7.943010e-02 
7.943010e-02 7.943010e-02 
7.943010e-02 7.937670e-02 
7.940720e-02 7.943010e-02 
7.946060e-02 7.943010e-02 
7.946060e-02 7.946060e-02 
7.940720e-02 7.945300e-02 
7.943010e-02 7.941480e-02 
7.940720e-02 7.943770e-02 
7.945300e-02 7.944540e-02 
7.946830e-02 7.940720e-02 
7.943010e-02 7.946060e-02 
7.946060e-02 7.945300e-02 
7.944540e-02 7.947590e-02 
7.947590e-02 7.947590e-02 
7.947590e-02 7.941480e-02 
7.947590e-02 7.942250e-02 
7.943010e-02 7.946060e-02 
7.941480e-02 7.946830e-02 
7.943010e-02 7.943010e-02 
7.946830e-02 7.943010e-02 
7.942250e-02 7.943770e-02 
7.940720e-02 7.946060e-02 
7.944540e-02 7.946060e-02 
7.945300e-02 7.943770e-02 
7.947590e-02 7.941480e-02 
7.939960e-02 7.939960e-02 
7.945300e-02 7.939200e-02 
7.940720e-02 7.942250e-02 
7.945300e-02 7.944540e-02 
7.943770e-02 7.939960e-02 
7.940720e-02 7.943010e-02 
7.943770e-02 7.943010e-02 
7.937670e-02 7.937670e-02 
7.936910e-02 7.942250e-02 
7.939200e-02 7.935380e-02 
7.939200e-02 7.939200e-02 
7.936140e-02 7.931570e-02 
7.932330e-02 7.936910e-02 
7.930800e-02 7.933860e-02 
7.933090e-02 7.926990e-02 
7.928510e-02 7.926990e-02 
7.923170e-02 7.922410e-02 
7.922410e-02 7.923940e-02 
7.920120e-02 7.920890e-02 
7.917830e-02 7.917830e-02 
7.912490e-02 7.911730e-02 
7.904860e-02 7.901810e-02 
7.905630e-02 7.901050e-02 
7.894180e-02 7.894950e-02 
7.891130e-02 7.891890e-02 
7.890370e-02 7.880450e-02 
7.878160e-02 7.878160e-02 
7.878160e-02 7.869770e-02 
7.870530e-02 7.866720e-02 
7.858320e-02 7.853750e-02 
7.853750e-02 7.850690e-02 
7.843830e-02 7.839250e-02 
7.836200e-02 7.830860e-02 
7.827040e-02 7.820940e-02 
7.812550e-02 7.806440e-02 
7.807970e-02 7.796530e-02 
7.794240e-02 7.789660e-02 
7.786610e-02 7.774400e-02 
7.772870e-02 7.768300e-02 
